-6216.45 -3205.37 -3011.08
-6284.91 -3134.98 -3149.93
-6353.59 -3310.24 -3043.36
-6084.98 -3206.86 -2878.12
-6214.84 -3260.33 -2954.51
-6123.38 -3229.47 -2893.91
-6185.88 -3305.64 -2880.24
-6303.17 -3268.85 -3034.32
-6143.4 -3257.22 -2886.18
-6133.82 -3293.17 -2840.65
-6268.06 -3263.32 -3004.74
-5220.93 -3307.63 -1913.3
-5267.31 -3313.15 -1954.17
-5253.97 -3262.89 -1991.08
-5304.59 -3285.87 -2018.71
-5255.07 -3246.91 -2008.16
-5123.72 -3272.14 -1851.58
-5294.52 -3331.52 -1963
-5147.02 -3263.19 -1883.83
-5245.57 -3285.41 -1960.16
-5233.96 -3317.17 -1916.78
-5269.06 -3274.47 -1994.59
-5232.03 -3242.93 -1989.09
-5197.52 -3282.28 -1915.25
-5253.17 -3297.28 -1955.89
-5249.83 -3230.87 -2018.96
-5239.24 -3289.42 -1949.82
-5237.36 -3298.7 -1938.65
-5292.59 -3298.12 -1994.47
-5256.02 -3300.05 -1955.97
-5164.71 -3307.67 -1857.04
-5201.99 -3291.98 -1910.01
-5259.39 -3303.8 -1955.59
-5179.99 -3274.66 -1905.32
-5201.42 -3264.63 -1936.79
-5202.02 -3290.26 -1911.77
-5184.66 -3282.08 -1902.58
-5157.1 -3242.45 -1914.65
-5190.26 -3256.99 -1933.27
-5296.61 -3306.94 -1989.67
