6.06741 6.30393 7.0784 1.16217 2.09328 1.41296
5.96002 6.16664 6.80931 0.266781
6.06387 6.32639 6.91447 -1.54518 4.16624 6.37275
6.25632 6.17605 6.66611 4.03196 -5.66047
6.21222 6.16732 5.78819
6.29665 6.46205 5.78436
6.27451 6.22607 6.64808 1.39963 2.21482 2.57843
6.2951 6.84509 6.67709
6.1059 5.82491 6.69935 0.713666
6.27889 5.87022 6.42351
6.27889 6.52386 6.11663
6.18317 6.47526
6.18317 5.79879
6.18317 6.11592 4.7147 2.07564 1.39417
6.18317 6.17663 -0.0727076
6.17522 5.71993 0.595347
6.26988 6.97272
6.19552 6.09058
6.34338 6.4262
6.10289 6.32651
6.14829 6.07213
6.20848 6.21629
6.16658 6.83956
6.14912 6.35139
6.14912 6.29519 -1.33938 -0.826524 -0.673752 -3.10804 -1.35261 -0.660627
6.31536 6.76952 -4.79407 -1.9761 0.174886
6.28997 6.39895 -0.666066 2.31489
6.28424 6.18023
6.28424 5.60966 -0.450856 -1.78504
6.08565 6.07988
6.03517 7.25472
6.03517 6.41418
6.05266 6.0407
6.11453 5.27852 -1.10851 2.05863 4.40131 2.13095 4.22822
6.11453 6.2461
6.34876 5.68196
6.2807 6.28288
6.2807 6.31608
6.04342 6.6381
6.31229 6.56614 -3.26678
