77
50
Variable1
Variable2
Variable3
Variable4
Variable5
Variable6
Variable7
Variable8
Variable9
Variable10
Variable11
Variable12
Variable13
Variable14
Variable15
Variable16
Variable17
Variable18
Variable19
Variable20
Variable21
Variable22
Variable23
Variable24
Variable25
Variable26
Variable27
Variable28
Variable29
Variable30
Variable31
Variable32
Variable33
Variable34
Variable35
Variable36
Variable37
Variable38
Variable39
Variable40
Variable41
Variable42
Variable43
Variable44
Variable45
Variable46
Variable47
Variable48
Variable49
Variable50
0
4.969813 -0.324574 -0.1769564 -0.05065237 0.00734691 0.6855685 -0.2717343 -0.7515547 -0.5849894 0.8559707 0.2094234 0.5777442 -0.1538168 -0.2136901 -0.9326577 -0.2961511 -0.5099308 -1.252705 0.3933593 0.3338853 -0.7454692 0.7888592 -0.8672081 -0.08368814 -1.253073 -0.3913973 -0.5732679 -1.093113 -0.1446745 -1.053623 -0.2717746 -0.7044078 0.5126346 0.8361494 -0.9937706 -0.6348179 0.6072188 -0.8458881 0.3040287 0.6533888 1.079068 -0.3131904 -1.269477 -1.232606 -0.5273012 0.5469856 -0.5370148 -0.5030334 0.8882698 -0.03976024 0.5865976
6.558198 -1.584154 -1.775149 -1.675347 -2.684623 1.922241 0.7342521 0.1041207 -0.1308232 -0.2288968 0.7936336 0.04044215 1.105462 -0.3805211 -1.887062 1.151566 -0.584235 1.440202 -0.4742592 1.127906 -0.5132428 -0.8020327 -0.2886551 0.3327557 -1.550583 -0.5017379 -1.849542 -1.252797 2.319532 -1.858577 0.5208131 0.09770728 -1.82824 1.610148 0.08856409 -0.1744865 0.01910506 1.333484 -0.1691051 0.1061283 0.01940966 -2.089865 -0.5182956 0.3989588 -0.9504617 0.1030332 -0.791959 -0.3110188 -1.231944 -1.696732 2.815623
5.774552 2.561333 -0.557714 0.5884917 -0.188663 2.379193 -0.4813732 -0.3325341 1.662738 0.8430269 0.7701703 0.7891316 0.1554899 -0.1865733 -1.68741 0.3721028 0.04364391 0.9535172 -0.4470938 -0.1967739 -0.07952576 0.8960837 -0.1255736 0.1972451 -1.324498 -0.239009 -0.1624524 -1.664944 2.23422 -0.6032553 1.922958 -1.145116 0.07738109 0.4504693 -0.4720676 -0.666125 0.6843989 -0.2026182 -0.5361517 1.973407 -0.2990555 0.7801105 -1.002394 0.2726837 -1.837768 -0.03687292 -0.5460189 -0.6011542 0.00104414 -0.8081473 1.133347
6.981935 -1.58554 -1.554125 -0.3145866 -2.02002 1.690214 -0.02439926 0.13475 0.02590366 0.8714716 0.3651793 -0.7330895 1.261648 0.659708 0.4976313 0.1501336 0.6963791 0.06493684 -1.560608 0.9317423 2.446803 -1.761115 0.8826315 0.483756 -1.410287 -0.003270711 -1.375502 -1.6588 -0.1185707 -0.3109687 -0.5718523 -0.1961382 -1.715899 0.5745098 0.2170191 1.732796 -1.468302 0.5669588 0.05735858 1.606152 -1.647433 -1.560553 -0.9666539 2.450048 -0.5019171 2.421471 0.8421632 0.9610755 -1.026326 -1.808309 2.156136
6.44572 0.02002533 -1.649219 -1.274878 0.7639072 0.4486026 -0.9905239 -0.07199388 0.1173957 0.6145033 -0.3671787 -0.7793093 2.934404 -1.894555 -1.791912 0.1143928 -0.5739429 1.00907 1.238473 0.5606739 0.0136504 1.556215 1.331119 2.429853 -1.517185 0.9371661 -0.9590113 -2.045228 1.27258 -3.067649 -1.146077 2.613787 -1.948829 -0.1503522 -2.237781 -0.1570875 -1.026026 -1.182939 -0.1074862 1.900203 0.0372746 0.5054575 -1.146311 0.6943134 0.01870091 -0.2805188 -1.215329 -1.862596 -0.5644256 -0.3724969 -0.106443
7.828835 -1.483617 -1.542146 -1.721615 -2.324624 1.473673 -2.906462 2.199004 2.10203 -0.6465775 -2.485997 -2.5247 2.329007 1.801914 -1.743129 1.995715 2.319549 -1.113117 -2.877286 0.9030207 1.55424 -2.169493 1.532831 2.246224 -1.458026 2.40234 -1.082555 -1.90474 -1.590801 -1.567358 -1.187912 0.9266869 -1.445187 4.009637 0.4565999 2.213116 -1.689057 0.2413171 -2.020513 1.401907 -2.434545 -1.403574 -1.426997 -1.74824 -1.460861 2.233604 -1.821884 0.8220368 -1.869264 -1.457778 1.314555
7.88156 1.275122 0.3033474 0.1110795 1.093984 1.254699 0.914711 0.7103216 -0.3705225 -0.2267141 -0.5891905 -0.2226037 -0.2483166 1.011693 1.550135 -0.7565169 -0.5690341 0.7468678 -0.1022515 -0.6027511 -0.7566649 0.5197099 -0.3816161 0.03937381 0.1707652 0.1896602 0.1932443 0.7446378 1.749331 1.012073 -1.146843 0.4286995 -0.5751263 0.1290529 1.18727 -0.8479403 -0.2034818 0.6307817 -0.1108087 -1.242827 0.9834664 -1.024752 0.8145538 1.074092 1.71872 -0.183822 1.117525 0.4611033 0.6485888 -0.6160558 -0.4736074
7.767264 -1.755275 -1.854613 -2.295554 -1.547531 2.787621 0.3690621 -0.8392788 6.310472 -0.4327688 -0.002453823 0.8924598 2.03775 -0.1712014 -0.7343348 1.096822 0.7436097 1.384076 0.5467372 1.478757 2.181021 -0.660572 1.066545 2.122673 -1.24819 0.5593854 -2.055311 -1.308365 0.5224341 -1.039035 -1.068365 -0.4877335 -2.116248 0.5836192 -1.814767 3.307641 -0.7129793 2.375411 1.371452 0.5368774 0.9442831 -2.20918 0.6346419 -0.1201262 0.4696184 1.104757 0.2603521 2.185515 -1.130035 -1.95414 0.9586526
6.416732 0.7891073 0.2037734 0.5522845 1.289894 -0.1990467 0.5131538 -0.7605539 -0.1231635 -0.006843223 0.6977458 0.2240098 -1.302857 -0.5580434 0.7449131 -0.9160695 -1.294903 0.1932015 0.2904181 -0.665678 -0.3635743 0.8285974 -0.2851318 -0.5038597 0.4454972 -0.5084753 0.4936193 0.0172031 -0.04827895 0.06275298 0.1960466 -0.8002801 -0.2956639 -0.963582 0.1445927 0.133791 0.1928428 -0.8091179 -0.002230911 -0.9405317 0.5003403 -0.01190737 0.6799411 -1.376191 -0.707365 -0.9286168 0.4786499 0.03730405 0.4435678 0.6710487 -0.656712
7.38709 -1.666983 -1.850626 -1.784809 -0.9290074 1.139844 0.01446927 0.03392233 0.1671286 0.6948807 0.4066729 0.07349529 1.924098 2.063052 -1.609621 3.079704 1.661686 0.9796524 0.6027891 3.629549 -0.6744207 -0.7802394 2.056466 1.371458 0.1281759 1.096058 -0.3627276 -2.317137 0.2094048 -0.9366757 0.545352 -0.7183716 -1.514763 -0.5401887 -0.7896372 -0.6409508 0.4204184 1.844604 0.2077587 1.63405 1.114016 0.228459 0.8704482 0.9325989 0.3142857 1.13351 -0.2257686 0.4342077 -2.126685 -1.916706 0.0823828
7.17012 -0.9935837 -0.9877129 0.5838845 0.3553031 -0.6976898 0.03467109 -0.2615608 -0.6133206 0.5584711 0.4100686 1.245261 -0.3215001 -1.10037 0.7438038 -0.8565622 -0.3394315 -0.1455128 0.6210907 -0.2843912 -0.1806417 0.6019715 0.3901448 -0.2422198 -1.180001 -0.6536179 0.3604666 -0.4124326 -1.279379 -1.174196 -1.137207 0.08293573 1.176134 -1.125317 -0.5444101 -0.05654597 0.6595243 -0.152314 -0.396884 -0.3004338 1.062347 -0.4487516 0.4510168 -0.7500933 -0.5818124 -0.2350502 -0.7135078 -1.172883 0.4492981 0.8332065 -0.5219723
6.617403 -1.003942 -0.9959084 -1.071786 -1.142528 0.6223879 -1.120174 2.86114 1.320962 -0.8640725 -0.5989796 -1.341252 1.121434 0.4277274 -1.437458 0.6551792 0.9910726 -2.295412 -0.9253018 1.223338 2.624347 -1.666787 3.443858 1.371476 0.3108471 1.489966 -1.668419 -0.6977787 -0.9720207 -0.4800411 -0.6313971 0.03961289 -0.6970264 -0.301403 -1.211362 2.332859 0.2107223 0.3447686 -1.505701 -0.4799244 -1.011555 -0.1113578 -1.628078 -0.4768353 -1.017014 0.4975232 -0.4905058 0.6998806 -0.3694308 -1.414556 0.006115003
5.913503 -0.3607557 -0.07536131 0.5127397 0.2360947 0.6677832 -0.04733744 -0.9176705 -0.4790395 1.228274 1.079539 0.5566176 1.018071 1.267747 -0.4374208 1.085556 1.629211 -0.4768295 -0.1704412 0.4259833 -1.0931 1.337581 -0.5568469 0.9579079 0.06914256 0.4865785 1.054772 -0.02183076 -0.9955599 1.229314 1.599217 -1.109513 1.318049 0.7414746 -0.7112064 -0.4466036 -0.349081 -1.11872 0.6734429 1.854379 1.276317 1.61211 -0.8466056 0.7569281 -0.2386464 0.9310379 -0.223073 0.0255558 1.756248 0.9755035 0.9288605
7.921173 -0.7917013 -0.7315702 -0.2581296 -0.52873 0.2992611 -0.483648 0.06947226 -0.2892589 1.081823 0.8782287 0.3732748 0.07962241 0.3830069 -0.7537474 -0.08155341 0.1736805 -1.12213 -0.3284648 -0.4318111 -0.4143051 1.13557 1.019197 0.0680012 -1.164351 -0.2560022 0.4077715 -0.5269852 -1.062557 0.06340858 0.1902202 -0.7544853 0.0242606 0.3884569 -1.143232 -0.4641259 -0.7381013 0.2790452 0.02259463 0.6865526 0.7422077 -0.40137 -1.073516 -0.9285782 -1.147549 0.5082122 -0.7445276 -1.014906 1.400896 0.8253927 1.267491
4.454347 -0.7559219 -1.14522 -1.208422 -1.939563 0.6805966 0.9492497 0.6760528 -0.1110726 1.791602 0.4948097 0.2685294 -1.469259 -1.336586 -0.01830465 -1.378377 -1.054321 -1.707141 -0.301633 -1.137053 0.4961383 0.6540707 1.61064 -1.333335 -1.217217 -1.437886 -0.8585198 0.07088115 0.3480755 -1.14038 2.106951 1.102101 0.5717579 0.7784446 -1.59707 0.4864599 -0.4693108 -1.362612 -0.1931704 -0.9938074 -0.4108679 -1.002853 -0.9309455 -1.192421 -1.408708 1.109067 -1.500884 -1.96577 0.564374 0.5891299 -1.171112
6.063785 -0.5415999 -0.7847379 -0.1991349 -0.7781867 -0.5014566 -1.77066 0.205075 0.005353938 -1.873969 -0.3226361 -1.008299 -0.3710267 -1.012673 -1.051623 -1.292171 -1.486418 -1.716928 -1.400511 -0.007641441 0.222285 -1.082619 0.2917849 -0.7397705 -1.108387 -2.600917 -2.081015 -1.368232 -0.5776172 -1.568879 0.1888438 0.9385131 -0.0009454968 2.500911 -2.46908 -0.1543673 -1.034121 2.622357 -1.987027 0.2822922 0.0801079 1.262749 -0.2414985 -0.1567581 -0.2733295 1.360357 -4.835262 -0.6297931 -0.7160809 -0.3012489 -0.08767945
5.786897 -1.657044 -1.637786 -1.877607 -0.4909005 1.006882 0.16319 -0.2769245 0.01913917 0.9593629 0.2405341 0.4904815 1.097089 -0.6863125 -2.031083 1.175301 2.495577 2.474471 -0.171394 -0.4380424 -0.395347 -0.7354111 0.2698289 1.159412 -1.629892 0.001723029 -1.499455 -0.6960817 0.6167128 -1.266343 -1.078548 -0.07462614 -1.812522 0.9562445 -0.8958775 -0.8370985 -0.04580954 1.078444 -1.027852 -0.3937425 -1.578826 2.662503 -0.8132384 1.564354 -0.6962549 0.4394786 -0.1718507 -1.249695 -2.793407 -1.529939 3.021352
5.768321 0.6792491 1.350037 0.5688272 0.990957 -0.9513068 1.018843 -0.8339552 -0.549479 1.06332 0.9258383 1.003343 -0.1297192 -1.211481 0.5044795 -0.7890137 -2.042011 -0.07179722 0.7780953 -0.4998638 0.3594572 0.5794551 -0.05913598 -0.5907825 1.24938 -0.0724248 -0.176488 1.315587 0.7948658 0.5704893 -0.7786288 -0.1009084 0.945495 0.07288474 0.8762782 0.1860091 1.161333 0.6458662 0.668829 -0.7264072 1.168702 0.2637511 0.4729773 0.2491157 0.6681869 -0.8471682 0.1276538 -0.4844502 0.3232272 1.096687 -0.6501201
6.322565 -0.1277358 -0.1077096 1.156743 -0.1619054 2.708379 -0.3412842 -0.1508454 -0.3859572 0.3771677 0.3952478 0.2826485 1.889615 1.609567 1.229046 1.103119 1.361175 0.5568164 -0.7412894 2.462089 0.03856558 1.088312 0.6903082 1.774055 0.259963 0.862697 1.058644 -0.02698921 0.3595806 0.4179373 0.5891016 -1.617407 0.1336622 -0.4322795 0.2323022 -0.2332321 0.3013293 0.1761187 -0.3061776 1.456695 0.6130665 -0.3386033 -0.8828685 0.2147634 -0.2500092 0.1585424 0.7063203 -0.3210376 0.1728046 -0.8858969 0.4985751
6.104793 -1.642064 -1.928521 -1.994 -2.550395 -0.1451879 -0.03389998 0.4759963 0.148933 -0.03331275 -0.5143579 -0.2183825 1.216203 0.1986384 -1.846044 0.5436559 -0.7313912 1.270274 -1.677172 0.1846674 -0.3348575 -0.6946333 1.455641 0.7672356 -1.57046 0.1068815 0.8470199 -2.254311 2.726166 -1.999342 -0.7004161 0.8938454 -1.661355 1.082426 -1.832726 -0.2822874 -2.352264 2.179577 0.7547149 0.1600675 0.7993039 -1.656817 -0.9607763 0.8782515 -1.391627 1.430944 1.385206 -0.9304171 -0.8118132 -1.489245 2.136795
4.584967 1.246686 0.4207695 0.3102668 0.8538295 -0.7428211 1.055073 1.258276 -0.296515 0.5216024 -1.829186 0.02267929 -0.3956554 0.5613275 0.8605147 -0.7143114 -0.6503527 0.2850932 0.1250339 0.2075062 0.1292407 1.225137 -0.3993085 -0.4791917 -0.5975183 0.2828233 1.616767 1.607597 2.226155 1.469736 -0.618313 -1.217133 -1.233504 -0.1136089 1.41395 -0.8956148 -0.4838233 -0.08404529 0.5073221 -0.6746027 1.341505 0.06958477 0.8469511 1.978805 1.069782 -1.141764 1.430169 0.1126469 0.5057395 -0.173336 0.02885674
6.12905 -0.4565698 -0.5204119 0.01021322 0.09639066 -0.9071043 0.2643327 -0.4518587 0.2417863 1.043674 1.027983 1.080218 -1.40332 -1.888292 -0.8164724 -1.328274 -1.672589 0.6894951 0.459456 -1.032944 1.290578 0.009533671 -0.5014006 -1.711543 1.434069 -1.18017 -1.178686 1.389991 -0.3471011 -0.6057398 1.208397 -1.836771 0.7319046 0.3937658 -0.2327497 0.2747273 0.9209418 0.1968281 -0.1349373 -1.524913 0.1710393 1.993221 0.5043864 -0.0714761 -0.627357 -0.1467829 0.947504 -1.335641 -0.251789 0.8889978 -0.4618697
5.293305 -0.9356959 -1.499479 -0.892048 -0.6163615 -0.5660255 -1.573723 0.1203239 0.3426964 1.738435 0.4864512 -0.6673316 -1.249587 -1.486064 1.005815 -1.538114 -2.159766 0.1004684 0.4610812 -1.169713 -0.3371267 0.1427485 -0.3274721 -0.9069835 -0.9469516 -1.814233 -0.9942163 0.4756285 1.387738 0.4295476 0.09286733 0.359688 -0.07811577 0.574683 0.9812023 2.952027 0.6269673 -0.806677 0.09651437 -0.5811454 0.3774322 -1.747394 -1.024371 -0.5403572 -1.596139 1.507557 -2.248437 -1.362738 0.3008442 -0.839356 -0.1483066
6.403574 -0.8276471 -0.3452593 0.8443185 -0.3343583 1.572808 -1.283935 -0.7056521 -0.4368367 1.459591 -0.1370986 -0.02336289 1.799767 1.184302 0.5611777 0.3931645 -0.3572781 0.4940048 -0.2485467 1.467376 0.3522041 0.9178769 0.4635417 1.967628 0.4216732 0.6472978 1.162594 -0.4501366 0.8069477 0.1386824 0.9406154 -1.327326 0.1108017 -0.3124301 -1.710345 0.1848442 0.01281768 0.3524137 0.9538282 1.325401 1.866405 -0.2984422 -0.7690483 -0.7144313 0.406263 0.4945436 -1.087953 0.8606933 0.2014756 -0.8046342 2.626852
5.673323 0.4369125 0.9706091 0.5180319 0.05549213 -0.6074842 0.4095097 -1.065793 -0.3068091 1.218456 0.9913613 1.060066 -0.7239182 -1.153125 0.9667104 -0.7957559 -0.4305999 0.949037 1.19664 -0.5732046 0.3855365 -0.0952675 -1.394844 -1.280301 -0.08431079 -0.04194828 0.03713429 0.2709293 -0.3974403 -0.8741115 0.7367719 -0.8658053 0.3206957 -0.4912722 -0.5406603 -0.6225281 1.043982 0.02928656 0.9557175 0.3956887 -0.2228897 0.7950928 -0.7002022 -1.087523 0.4896952 -0.52355 0.8911224 -1.5523 0.4380415 0.8656367 -0.7030477
5.209486 -0.4798124 -0.466059 0.5310979 -0.3526137 1.159097 -0.3067405 -0.4193076 -0.3998642 1.045195 1.016529 0.158229 1.404209 0.7300873 -0.3637771 0.468646 0.7378195 -0.1822278 0.08284436 -0.02952763 -0.2220184 0.8148426 -0.2575909 0.5150515 0.3052473 0.3457413 0.3072187 -0.5477203 -1.222739 0.4890142 1.670381 -1.268871 1.236066 1.212714 -0.8377467 -0.4235201 0.5609671 -0.3634265 0.6196409 1.57037 1.18862 1.759262 -0.7258739 0.09950027 -0.3174982 1.063394 -0.6448176 -0.5500644 1.349103 0.02567359 1.141034
6.39693 0.8114786 1.465332 0.8780557 0.8227492 -0.2366006 0.686959 -1.266699 -0.534315 0.5037955 0.4870925 1.082171 0.3453824 0.6700672 0.2915348 -0.1340957 -0.08857164 0.1913573 1.326563 -0.07917806 -0.4962537 0.5839912 -0.2505443 0.7646805 0.9084994 0.3820213 -0.4789477 1.200138 -1.283066 0.2018558 0.9549983 -0.4069483 0.8423185 -0.2849758 1.296005 0.05168553 1.079102 -0.3566902 1.910499 1.038303 0.7250936 0.7239407 1.117718 -0.2760724 -0.02785807 -0.6514231 0.07408178 0.7055031 1.284684 1.673039 0.4641295
5.736572 -0.2257827 0.5897642 -0.03336519 -0.2594774 -0.07026443 0.9102349 -0.6316257 -0.6613655 0.003332121 -0.5159153 0.1268069 0.4409109 1.939714 0.4700913 -0.5395494 0.4767441 0.1210101 0.2267349 0.02979234 -0.3277909 0.3229329 0.6645859 1.014245 -0.3486176 1.180758 0.8565808 0.008958924 0.4728161 1.1015 -0.6005709 0.7642863 -0.1438116 1.277888 1.036346 -1.149775 0.2127838 -0.6561942 0.7407006 0.3815169 -0.8399191 -0.5170076 1.056688 0.1617356 1.386596 -1.209598 0.05524312 0.1176707 -0.2225291 -0.7521652 -0.1693685
6.452049 1.548699 1.032604 0.5460666 0.5365194 -0.7068071 0.6941232 -0.9070621 -0.6581402 0.2630366 0.7179978 1.451498 0.5848061 0.5305946 0.5821394 -0.9822995 0.7817985 0.731198 1.140758 -0.04702301 -0.7485569 -0.1297343 0.2016941 0.7920941 0.574553 0.8415353 0.4189858 0.7062688 -0.5504698 -0.05048807 0.7359274 0.5862577 0.2603712 -0.7997344 -0.7319932 -1.109023 0.9910237 -0.1419608 0.01163811 0.4437899 1.115625 0.8099789 -0.03717133 -0.4249093 1.186162 -0.7522775 0.7667695 -0.622045 1.490322 -0.2375996 -0.2951226
6.72022 -0.5879979 0.1384352 0.101531 -0.245484 -1.178104 -0.4306709 -0.1488048 -0.4676517 -1.147902 0.06531535 0.274116 -0.644862 -1.489214 -0.444946 -1.122532 -1.248655 0.09350661 -0.3600059 -0.9505407 0.1268033 -0.4909809 0.006120896 -0.9956817 0.2440051 -1.482719 -1.449437 -0.7372905 -1.107768 -1.698986 -0.7224394 -0.7401195 0.8446241 -0.8806868 -1.191955 0.3729427 0.0608079 -1.145199 -1.188368 -0.6031973 -0.3892551 -0.0288327 -1.337718 -2.032837 -0.1602299 -0.8052984 -1.424202 -0.467502 -0.6717749 -0.01050469 -1.787668
7.911691 -1.631186 -1.695847 -1.575352 -1.618533 1.914812 -2.359663 0.6520463 0.408258 -3.819636 -3.019383 -2.10455 0.3911986 1.856077 -1.522278 1.74169 1.485141 -1.315057 -2.977866 1.656734 0.07700473 -1.772411 0.8098307 1.176831 -1.431143 1.616076 -1.123882 -0.3824611 -1.552449 -0.2023081 -1.215443 1.470931 -1.376135 3.298412 0.1190435 0.02138113 -1.710153 1.847518 -1.930425 0.7934302 -1.835638 -1.169197 -1.288267 -0.5593956 -2.391017 1.43938 -0.3528816 2.225158 -2.105636 -0.9799476 0.7585259
5.950643 -0.6245065 -0.863241 -1.320288 -0.6890199 0.002664734 -1.357995 -0.0249754 0.6144582 -0.1499201 -2.16406 -1.353907 0.05334099 0.7305487 -1.220372 -0.3160598 0.4574225 -1.931242 -0.6102884 0.7516059 -0.7290122 -0.277151 -0.04810671 0.255347 -0.5459042 0.8306082 -0.4551974 -0.2481413 -1.134557 -0.2611116 -1.374315 0.6991706 0.4620278 0.5717861 0.07468806 -0.4113219 -2.02469 -0.833045 -0.5701196 -0.02742602 -0.7550097 -0.543426 -1.53448 -0.880093 -1.524969 -0.1142403 -0.4343575 1.091974 -0.6652244 -0.0628236 0.3745917
7.353082 -0.1231434 0.2909284 0.8654664 0.2389773 1.001035 0.6846394 -0.7678251 -0.2778454 0.1970722 0.06705291 0.5234983 -0.7664314 0.1381246 0.6609447 0.3457307 0.2596936 -1.016761 0.379261 -0.6935479 -0.4198757 0.6710093 -0.703242 -0.01986625 -0.2032095 0.1564176 0.1517058 0.4345019 -0.214349 0.6886743 -1.262428 -0.8199316 0.8431485 -0.2998853 -0.2983563 -0.5946793 0.8289605 -0.1590932 0.500233 0.3073513 -0.1760568 -0.1166876 0.2182127 -0.8626084 0.01591997 -0.9681374 0.4039182 0.2425339 -0.05348608 0.4217804 0.1577737
5.590987 1.755878 1.362153 0.673824 0.8371862 -0.2449534 1.08588 -0.4360197 -0.6439914 0.4430326 0.9043992 1.195203 -0.3854986 0.03181973 0.7993528 0.8677757 0.2435762 1.096474 1.104742 0.06657161 -1.504657 1.100153 -1.142503 -0.06649634 1.667349 0.4428515 1.556701 1.18825 1.238548 0.7577795 1.576952 -1.850104 0.9862755 -0.8119832 1.621711 -0.8771685 1.377969 0.6531828 1.776318 0.5679476 0.675492 2.084593 0.4963515 2.365885 0.4612872 -0.9735402 1.53582 -0.07897743 1.233918 1.461138 0.05464752
6.246107 0.8009933 0.7261662 0.781908 0.748709 -0.341333 0.8998331 -0.4452927 -0.5711482 0.6487586 0.773275 0.7246056 -0.6612153 0.001386715 0.1008319 0.2994459 -0.1574437 0.2494969 0.8031547 -0.3398645 -0.979501 0.812749 -0.7452254 -0.4826045 1.152482 -0.005519822 1.521739 1.495023 0.03677746 1.3238 0.5653703 -0.7788779 1.326621 -0.5072744 1.01424 -0.6087528 0.4582938 -1.074609 1.554687 0.380541 0.6726317 0.4824775 0.3027141 1.569204 0.6026821 -0.9813169 1.017007 0.1333845 0.7320893 0.8861338 -0.1310954
4.663439 -0.7087543 0.9487861 0.7590823 0.5213195 0.03353747 0.2427868 -0.6523492 -0.2715485 -0.1103955 -0.2369892 0.4894572 -0.2924015 0.3938752 1.47638 -0.1139994 -0.004353373 -0.01442042 1.274979 0.1691419 -0.6254407 0.2647786 -0.2942172 -0.4734456 0.726167 0.4425645 -0.1644879 1.496676 0.1255615 2.181805 0.0542489 0.4474833 0.6687884 -0.6609009 1.966312 0.1476139 0.7320181 -0.1708772 0.6140584 0.1057553 1.739821 0.2501171 0.3206952 0.3735402 0.8239898 -0.7080227 0.7702106 -0.7321121 0.6081669 0.3649793 -0.5071947
6.71174 0.2210184 1.28037 0.8634378 0.6943988 -0.2023764 0.133167 -0.7967083 0.2460557 0.4595112 0.1480766 0.6232155 -0.4952799 0.7638595 -0.07924519 -0.9199194 0.00881845 -1.031383 0.3164661 0.3614255 -0.05227321 0.2844944 -0.1025963 0.04605481 1.076373 0.1237776 0.6668554 1.06874 -0.3086098 1.366641 0.4157385 -0.9609713 1.065399 -0.9206009 0.9196224 -0.9968212 0.5265136 1.848952 0.5895045 0.05774818 -0.5697694 0.1788729 1.869012 0.07533192 0.9948538 -0.5475643 0.4955878 0.120152 -0.02361911 -0.147005 -0.7636611
7.589336 -1.354149 -1.468813 -1.737481 -2.263683 0.9334792 -2.383533 4.090161 3.806366 -1.548126 -1.980946 -3.090132 -0.1243395 -0.03816114 -1.145779 0.4125521 1.547154 -2.15164 -0.2711326 0.4070306 0.4320473 -2.402622 3.278176 -0.3995625 0.2361255 1.026976 -1.346402 -1.277891 -1.907693 -0.3752001 -1.237539 0.04395945 -1.268242 1.642156 -2.08111 1.425999 -1.912103 -1.449057 -2.37104 0.3410059 -2.059897 -1.886746 -1.552618 0.186412 -0.4576629 0.09942528 -1.565598 -1.192852 -0.0335449 -1.025103 -0.5799442
5.872118 0.3092623 0.9729191 0.6392095 0.7165959 -0.5110736 0.7005013 -0.2641386 -0.3932406 0.4773341 1.38902 0.9123249 -0.4424004 -0.900225 0.6403698 0.6057871 -0.4151649 1.676116 1.327812 -0.1767015 -0.6314114 0.3581441 -0.7293061 -0.4349254 1.370678 0.4241532 0.02657243 1.540891 -0.1647309 -2.130086 0.5030358 0.5577552 1.242245 -0.1415387 1.131254 -0.7275217 0.7177186 0.711826 0.9095392 -0.9252198 -1.003688 0.6707095 0.6999291 -0.3588934 0.3817689 -0.203313 0.529907 -0.8496049 1.522591 0.7959638 -0.4390418
6.285998 1.056194 1.231312 0.7170198 0.6738762 0.3829808 0.7793753 -1.239795 -0.437386 0.740148 0.6651347 1.145599 -0.1663003 0.3978927 0.6786272 0.5275684 1.173737 0.7360134 0.7262249 -0.05417857 -1.280834 1.340847 -0.3106377 -0.177647 0.7236121 0.3110393 1.400773 1.641635 -0.006147143 1.230812 0.7497301 -0.4072488 1.381002 -0.2726294 0.8541767 -1.140795 1.642561 -0.455398 1.143721 0.9403301 0.5967431 0.4256817 0.2270946 0.2932198 0.4452817 -0.7281151 0.4006268 0.736126 1.17118 0.9716495 -0.1033155
6.558198 0.6472286 1.27304 0.6208797 0.3781747 -0.5623387 0.7067026 -0.07922372 -0.3311798 0.3327403 1.185003 0.7683112 -0.3642944 0.0966141 0.7324997 0.1738336 0.08471558 0.1421754 0.627197 0.6477297 -0.8452073 0.9779103 -0.8889553 -0.2423403 1.140046 0.7678316 0.8466378 -0.05662998 -0.03793077 0.1600565 1.305516 -0.8563346 1.152661 -0.06567482 0.6196478 -0.3691615 1.50329 -1.246338 0.5356768 -0.268585 -0.2353503 1.129602 0.2401803 -0.511534 -0.4274417 -0.3224693 0.5632909 -0.03453492 -0.6579288 1.124907 0.04021453
8.019942 -1.546382 0.2737702 -1.831149 -1.796075 0.5011125 -2.565155 2.929275 0.3480725 -1.771532 -1.414707 -2.446255 1.468589 1.59222 -1.872505 2.540671 1.023993 -1.242481 -0.8341065 0.8344996 4.305865 -2.32732 1.62624 1.104592 -1.214548 1.980174 -0.8690925 0.4609055 -1.860379 -1.704621 -0.9668514 4.246539 -1.545001 1.852454 -0.7985732 2.110698 -1.62552 0.5610147 -1.449767 2.164726 -2.102551 -0.5536822 -1.280569 -1.460648 -1.534676 1.665007 -1.454333 0.2922903 -1.782785 -1.286501 0.8216776
6.165418 1.150816 0.06171468 0.3617658 1.655992 -0.2448092 1.708659 0.08218583 -0.3870606 0.5728077 0.9592817 1.36968 -0.351899 1.03847 0.4982377 1.041187 0.5597551 0.5915548 0.127153 0.01820183 -0.4015724 1.234695 0.4644263 -0.01560743 0.4948162 0.9609838 0.4479077 0.06631058 1.448585 0.910512 -0.1571193 0.8461872 0.3668814 0.6291666 0.618203 -0.7535427 0.933118 -0.5498535 0.2963469 0.636779 -0.5006373 0.1438581 -0.5387651 -0.07694251 -0.9700488 -1.082943 0.6322195 1.408281 1.142932 0.5667098 -0.04735568
6.244167 -0.1463268 0.3606641 0.8037788 0.9107146 -1.227765 -0.4256394 0.4260797 -0.04665455 -0.6200358 -0.2935526 -0.3490173 -0.5220138 -0.263331 0.5382614 -0.9472166 -0.2593876 0.8573411 -0.01695959 0.3137261 0.0413304 -0.05429348 -0.07021082 -0.6796804 -0.1111663 -0.6744554 -0.1382803 -0.115973 0.4425906 0.2024525 1.401804 0.04013507 -0.8378452 -0.8732021 0.6201653 0.5152972 0.2372324 1.18476 -0.3701658 -0.9833256 0.7803259 -0.5527032 2.520859 -0.5862889 0.7951912 -0.6391208 0.3923725 0.3404831 -0.1308004 -0.7550909 -1.013485
5.78996 0.980681 0.8838952 0.643221 1.797006 0.129005 0.2169787 -0.1726046 -0.4507693 -0.03822858 0.3340537 -0.07804849 -0.5539035 -0.163254 0.1358042 -0.5810449 0.2321289 0.4962601 0.1389067 0.1473488 -0.5573662 0.6092221 -0.4960814 0.2871668 0.8829186 -0.5546228 0.7220763 0.8921888 0.8489469 1.330858 -0.741636 -0.5255414 -1.29069 -1.47835 1.169974 -0.8550403 0.04689321 1.71565 -1.108386 -0.8757764 0.5399457 -0.4609292 1.956391 0.4190298 1.573876 -0.5617804 0.9606796 1.181582 0.4606187 -0.31948 -0.6927699
4.795791 0.5335444 -0.5689006 -0.07463205 -0.08533241 -0.1818004 -0.9854654 -0.7695376 -0.3314585 -1.771708 -1.010774 -0.08139511 0.5822628 -0.1415897 0.850619 0.3174303 0.4782544 0.2699228 -0.7375486 0.4828634 -0.1815421 -1.528574 0.4545664 1.168635 0.02177295 0.4731638 0.465357 0.3043735 0.05668939 0.1158366 -0.9859932 -0.5795146 -0.2625687 -0.7360973 -0.009008703 -0.5194441 -0.06886325 -0.74407 0.1123137 -0.4685815 0.5689571 0.2895941 0.9738347 2.298048 1.159761 -0.9311298 -0.004353508 -0.7288927 -1.136447 -1.479057 -0.08116292
6.045005 0.2770739 0.8369315 0.6584706 0.5996024 -1.030616 0.5105662 -0.4228386 -0.289371 -0.007248122 0.6502327 0.2245967 -1.109064 -0.8357674 0.244788 -1.051484 -0.6689658 0.1092702 0.9190924 -0.423695 0.3955771 -0.7997459 -0.482535 -0.9539416 1.477052 -0.7520461 0.8174839 0.7995955 -0.09228649 0.209095 0.5147685 -0.8235081 0.5859543 -0.440986 0.1260927 -0.1486923 0.4369923 -1.143737 0.7337191 -1.105005 0.02431493 0.4703705 1.28674 0.4760131 0.2281872 -0.8388149 0.2582739 -0.1289469 0.3686164 0.7405424 -0.918615
6.068426 1.022663 0.7277399 0.9092115 1.035817 -0.85371 0.3584363 -0.1544771 -0.633795 -0.3618904 0.1986807 0.1145152 -1.06165 -0.5972114 0.2947541 -0.1539602 -0.4331155 0.03192131 0.1786854 -0.2321006 -0.05259153 0.0939788 -0.9403582 -0.5813718 0.3405476 -1.063422 0.5966521 0.2022711 0.6970005 0.6122648 -0.8473461 0.5888836 0.04661741 0.1978698 0.8407524 -0.8456142 0.2812784 0.9189133 -0.2431188 -0.9707341 0.823055 -0.2507501 2.161275 -0.1929215 0.8080795 -0.7646515 -0.007460874 1.759494 -0.2471828 0.02793269 -0.5891037
6.184149 0.05820699 0.5486606 0.4057994 -0.7599768 -1.146988 -0.08892202 -0.6904692 0.00297099 -1.077756 0.5819666 0.7070255 -1.739777 -1.674844 0.3810552 -1.624119 -0.6594022 -0.975217 -0.2091312 -1.523264 3.089819 -0.5606548 -0.3565772 -1.536802 0.4162938 -1.868862 0.2273211 -0.04706372 -0.5498931 -0.6960411 0.6602683 -0.2860298 0.1260076 -0.5378334 -0.2051194 -0.9669006 0.180646 -0.3073746 -0.8461575 -2.470508 -0.2555837 0.6790202 -0.3265503 -1.635187 -0.5496848 0.7537383 0.1060518 -0.9759915 -0.4651268 0.9851634 -1.035288
5.918894 0.7569215 0.9318773 1.089278 0.7437227 -1.296868 0.5706383 -0.3586793 -0.388811 -0.1919698 0.8961183 -0.4171312 -0.7983473 -0.8304779 0.6974852 -0.4879816 -0.4169308 0.4941455 0.3373484 0.1374048 -0.5730638 0.2719492 -0.2676938 -1.03637 0.1412503 -0.7730721 0.8471977 -0.2698487 1.088679 0.9305085 -0.6159314 0.2104624 -1.378507 -0.5081938 1.20588 0.03316758 0.4460833 0.6318962 0.3098657 -1.047758 1.068223 0.2093291 1.09903 1.307825 0.9162527 -0.2260372 0.6193836 0.8772672 1.052185 0.9080001 0.05520749
5.70711 -0.3623138 0.7832506 1.097758 0.6890879 -1.128196 1.287312 -0.3842821 0.9155521 -0.02969632 0.6956064 0.7613441 -1.145928 -1.248939 0.9092695 0.007533643 1.18508 0.5779803 0.5591807 -0.6945005 -0.5477939 -1.349054 -1.083568 -0.8359095 1.5584 -1.120156 1.090512 0.6465951 0.3393714 0.574903 0.5440401 -0.04917416 0.9475547 -0.8419535 0.1734189 -0.4294588 0.7410747 0.3159751 0.7432647 -1.391857 -0.5828912 1.324914 0.1378817 0.1293 0.7706427 -0.6381605 1.115249 1.138299 0.5648445 0.9571212 -1.337083
5.777652 -0.8755141 0.1657643 0.7453064 0.5803816 -0.7974771 1.01421 -0.7661177 -0.5737281 -0.07705666 -0.5822384 -0.04106233 -0.7616352 -0.7568625 0.7004664 -0.6317333 -1.307743 0.8713529 -0.4190339 -0.2704917 -0.4627258 -0.611159 0.06913775 -0.8664732 0.315435 -0.6759091 -1.465642 1.589491 0.1099025 1.220637 0.070113 0.3140059 0.3642938 0.1502223 1.409231 0.4485497 -0.2485792 0.2017836 -0.3502548 -1.079401 1.213097 0.2007386 1.27475 -0.01389566 1.473079 -0.798343 1.177496 -0.552753 0.9626906 -0.3445081 -1.107192
5.407172 0.1042145 -0.4610991 0.9757505 0.5676208 0.003564224 -0.6677553 0.571472 -0.157814 -0.6297575 -0.05560232 0.1937803 -0.3553878 -0.2997335 0.08429084 -0.9010256 0.4512681 -0.4659986 -0.3669502 -0.4170048 -0.1205069 0.3346022 0.4302526 -0.46306 -0.193664 -1.231441 -1.019934 -0.8222743 -0.3469674 0.04706743 -1.179976 0.4469761 0.2528453 -0.3918522 0.2262405 1.548479 -0.04934146 0.425991 -2.528797 -1.452558 0.8783453 -0.67154 0.6606497 -0.9401609 0.4425338 -0.0204378 -0.9857185 -0.8437037 0.6758011 0.7760797 -1.143114
4.890349 0.650502 0.7708711 1.023805 1.050836 -1.15917 0.05060905 0.5147337 -0.5553788 -0.4742545 0.7097054 -0.3564784 -1.271389 -0.8751861 1.269547 -1.226426 -0.4916206 -0.09956282 0.3037178 0.00143982 -0.7707209 -1.178045 -0.4153494 -1.062758 0.7467539 -1.092871 -1.259742 -0.4937626 0.2930308 -0.05160246 -0.3525116 -0.002819612 -0.1889671 -1.31067 0.2091587 -0.06448957 0.3730054 0.4781865 -1.576431 -1.26479 0.216482 -0.3998414 0.9463907 -0.5073575 1.229402 -0.4346365 0.2742507 -0.5857997 -1.042724 -0.1104091 -1.236778
6.638568 -0.511735 0.4865889 1.091049 0.5003441 -0.7932144 0.8296778 -0.3420086 -0.4976739 0.08370968 0.365059 0.368298 -0.322448 -0.619294 0.6239712 0.3069294 0.4142667 0.7970318 0.325289 -0.4876424 -0.7367291 0.2154101 -1.452812 -0.8403498 0.4335616 -0.05429625 0.7419672 -1.134508 -0.3257791 -0.08919989 -0.8050283 0.2546718 0.5415151 -0.3554521 0.07778188 0.09745139 0.5588232 -0.07593963 0.6638667 -0.3980311 -0.7584676 0.1253493 -0.1442964 -0.4480484 0.8170073 -0.4969464 0.1877232 0.8865617 -0.455073 0.5367249 -0.3066173
5.774552 0.8832084 -0.7887286 -1.029168 -0.546751 0.4828017 -0.01530007 2.377066 0.1103029 -0.4023167 0.4971044 0.5150615 0.9252976 0.5583236 1.475591 1.191477 0.1132459 0.8869247 -1.13773 0.8047971 0.9715549 -0.1295432 0.5102975 -0.3255968 -0.953511 1.239267 1.06802 0.303686 -0.8928064 -0.07800452 -1.172735 0.2501449 -1.44138 -1.061091 -0.6185415 0.006223647 0.5575794 0.5395071 0.673349 0.7531849 0.06832202 -0.243836 -0.9670621 -0.7143191 0.1220643 1.984445 0.5094313 0.3241487 -1.030856 -0.5930901 -1.050076
5.932245 0.113873 -1.446499 -1.456245 -0.08355931 -0.1731459 -0.6915211 0.8149153 -0.2862978 -1.693842 -0.781024 -0.09495606 -0.001236517 1.562246 1.095357 1.06238 1.129571 0.2576697 -3.151587 0.5340673 1.497802 -0.7269327 0.890969 0.6899877 -1.452229 0.9004135 -1.564226 0.1547246 -0.7207975 -0.4874671 -1.309869 0.1590024 -1.525647 -1.474386 -1.001151 2.090254 -0.529807 1.552423 -0.2445827 0.5779822 -1.505316 -1.014371 -1.07012 -1.065146 1.4218 2.154722 -0.5367478 -0.02946278 -0.5352566 -1.15385 -1.569292
6.089045 2.122055 0.8618962 1.002896 0.6908644 -0.4989309 1.063521 -0.2806234 -0.60642 0.632197 0.6329101 0.09451455 -0.3275537 -0.214756 0.8845139 0.4388305 -0.6328321 1.28559 -0.2267569 -0.1117179 0.0698926 0.7582711 -1.44903 0.1513859 0.6907535 0.0705444 1.476251 0.7632846 1.557633 0.5630032 0.004371634 -0.1569027 -0.06150801 -0.09973533 1.182124 -0.7267662 0.623724 -0.49495 0.7536933 -0.802949 0.6470874 0.4931281 0.6764096 0.7025213 1.080303 -0.7225036 1.195296 1.293709 0.5022552 0.9260311 0.863872
5.771441 0.280628 0.9437973 0.8597432 1.051478 -1.087628 0.8229244 -0.6788172 -0.1501927 0.37106 0.8624847 -0.2561195 -0.7593586 -0.3174802 0.4792201 -0.5885337 -0.4198412 0.6867998 0.7626531 -0.647946 0.2980491 0.1296805 -0.8288429 -0.512301 0.4258847 -0.213836 0.9839347 1.710227 0.04499321 0.9354951 0.8760545 -0.2622796 0.4159111 -0.6927415 1.066142 -0.6991735 0.257778 -0.7951971 0.9899792 -0.6327974 0.3372997 0.6047809 0.8578866 0.8671636 0.8849763 -0.5768581 1.163206 -0.2950205 1.073604 0.9166678 0.1710499
7.267525 -1.108458 -1.616865 -1.866305 -1.031141 1.149819 0.3027802 1.876239 0.2761661 -2.381462 -3.018069 -2.628867 0.7571356 0.8343495 -1.67132 2.038112 2.239487 -0.880481 -2.838596 3.766227 -0.2830127 -2.368603 0.101584 1.451483 -1.55979 1.41509 -0.4114299 -0.3594307 -1.209673 -0.05222547 -1.280591 1.150443 -1.233806 1.106921 -0.4134249 -0.04393078 -3.235027 -0.04964536 -2.028202 1.024037 -1.786893 -1.098817 -1.530927 -1.749797 -2.432251 0.6246491 -0.7662924 3.122846 -2.136188 -1.03665 1.451133
5.843544 0.8113349 0.0001136797 0.3351002 0.2863587 -0.7605603 0.9007976 -0.4905186 -0.4386207 -0.0860834 0.3337877 -0.1447383 -0.6853081 0.2200966 -0.4830307 0.316633 -0.05778893 0.8095497 0.1844887 -0.8829769 0.3454012 -0.4815255 -0.7738712 -0.5044683 -0.09025635 0.1783061 0.05526849 -0.5530459 -0.3172816 0.2343676 -0.01371015 -0.2918339 0.2753286 -0.8866947 -0.2787109 -0.7420988 0.4602659 -1.370895 0.1298759 -0.9491247 -0.5025212 0.06631911 -0.3321202 1.099636 0.8877397 -0.7024471 0.7142298 -0.5422576 -0.6395826 -0.534935 -1.237928
5.641907 0.2731804 0.2037323 0.4099763 0.04756672 -0.256397 1.29031 -0.6335113 -0.303571 0.482028 0.1236602 0.3067658 -0.181077 -0.0288725 1.314474 0.6879092 -0.409465 0.681914 0.3812076 -0.6044055 -0.9743988 0.4067398 -1.504776 0.1079519 0.2855981 0.3294735 0.6870239 0.5953023 0.4245532 0.9622419 0.9148472 -0.3730662 0.866872 -0.5246022 0.4710424 -0.6477217 0.4164742 -1.006945 0.9265463 -0.2096633 0.1979776 0.5029458 0.4015413 1.226251 0.006931935 -0.5158496 0.3659165 0.4930457 0.2652614 0.3172205 0.4299992
6.200509 0.7698055 1.206564 0.1667166 0.9139927 -0.3244171 1.040208 -0.05856225 -0.5600053 1.102154 -0.02648411 0.03586331 -0.2425202 0.2385969 -0.1341729 0.3757078 -0.3784298 1.169428 0.9281348 -0.516088 -0.2280892 1.228787 -0.8401797 -0.5280366 -0.08962342 0.2131566 1.511909 1.32134 1.377443 0.8121229 0.02533271 -0.1991887 0.8476499 -0.882787 0.6297503 -0.6587999 0.3118632 -0.6141707 1.504976 -0.2636973 0.5852226 0.3295152 0.1040289 2.478776 1.016631 -0.7848583 0.7943459 0.7673487 0.2394791 0.8541201 0.3100417
5.231109 0.7247189 1.142574 0.6903411 1.138392 -0.7120683 0.4453731 -0.8170959 -0.6566284 0.3433676 0.7520346 1.126368 0.1510128 -0.2077361 -0.3241175 -0.7894593 -0.2686605 -1.59256 0.7567793 -0.8674561 -0.5427372 0.3938114 -1.030009 -0.1106453 1.350637 -0.2473999 -0.4581821 1.14191 -0.3552476 0.6412303 1.400009 -0.3873193 0.7067144 -0.4138937 -0.1040765 -1.114374 0.2207959 0.7764932 0.4733115 -0.3944064 1.181991 0.7117598 1.056707 -0.02396085 0.9502518 -0.9438673 0.01531074 -0.5270055 0.633764 0.3710912 -0.2202009
6.429719 1.2331 1.163271 1.226628 0.8276984 -1.186224 0.3121119 -0.7857331 -0.3515838 0.4589012 0.9971388 1.029411 0.08024634 -0.3244601 0.6073775 -0.3589259 -0.347439 -0.476766 0.687912 -0.6977621 -0.9207214 0.8257705 -1.130069 -0.361664 2.079872 -0.2365885 -0.05475869 0.6702558 0.2519473 0.6085581 1.765905 -0.5444228 0.5369158 0.0207533 1.312728 -0.9166946 1.120777 0.7214944 0.2798609 0.2353964 0.08300252 1.368236 0.8514301 -0.1951945 0.616925 -0.7239373 0.6146066 -0.2581131 1.242695 0.4511034 -1.15961
7.277939 0.4208497 0.8605797 0.6891726 -0.00515923 -0.3307814 0.4365343 -0.9284726 -0.4571798 -0.1369344 0.1873 0.1976176 0.9865812 1.477384 0.3528363 -1.077866 -0.5391772 -0.5624216 0.8842198 -0.5718294 0.09031041 -0.5072742 -0.6280759 0.3195948 0.5684177 -0.3504092 -0.9830284 -0.4878025 0.6257989 0.4046698 0.3360972 0.6808714 0.311082 -0.5719065 -0.4115745 -0.1578711 0.07304595 0.009624193 -0.04155581 0.305609 -1.327163 0.3625862 0.8375035 -0.6413291 0.8773428 -0.7347071 0.2933587 0.05281984 0.3921369 -0.7066434 -0.2190486
5.351858 1.646878 0.3564233 0.1857826 0.6573584 -0.02894235 0.09267041 -0.210673 0.3970991 -0.04644678 -0.4377052 0.1623549 -0.5761269 0.359926 0.03978434 -0.9896462 -0.5728014 -0.0737394 0.4673687 -0.5282825 -0.4605157 0.1957559 -0.9717224 -0.4264388 0.2214488 -0.2735524 0.1208998 0.3032808 0.2184539 0.09584267 -0.2104181 -0.3698804 -0.1506643 -0.6628815 0.3409076 -0.7414115 -0.3350564 -0.4376792 -0.2177944 -0.7081496 0.3843029 -0.5546362 0.815412 -0.8048993 -0.1137565 -0.4999148 0.01956644 0.6184535 0.0878694 -0.5871376 -0.07604937
6.53814 -0.4581928 -0.2791934 -0.9772994 -0.444165 0.2425069 -2.440838 0.6597902 0.0471324 -1.188443 -1.858285 -1.781686 -0.3273537 1.290123 -0.8291933 0.8200552 0.5978796 -1.842625 -0.04248759 -0.2696732 1.315925 -0.6311095 0.4504281 0.09031635 -1.285382 0.8366944 -0.3417277 -0.6040711 -0.9375219 0.7265889 -0.6420231 0.4866925 0.1439966 0.02621646 0.4973105 1.567341 -1.047769 -1.336056 0.03885174 0.6826908 -1.611968 -0.9782484 -1.212884 0.05966835 -1.963412 0.134887 -0.4802556 -0.08615787 -0.8113581 0.7852848 -0.2055663
6.931472 -0.6989656 -0.6182997 -1.790301 -0.1995689 0.9689215 -1.882832 2.075942 0.1363793 -1.00189 -1.758928 -1.730034 1.627158 1.376361 -1.735193 1.09478 1.56968 -1.252096 -0.7236472 0.7613401 0.7730156 -0.1397308 0.8481465 1.431509 -0.7428526 1.247499 0.3011772 -0.9665551 -1.08583 0.5992029 -1.274574 1.93013 -1.080453 0.4961583 0.2052243 1.617225 -2.640126 0.5875761 -0.521695 1.227353 -1.364093 -1.134346 -1.275191 -0.06072801 -1.236122 3.796565 -0.3940422 1.283751 -0.2820195 -1.548524 0.7660086
5.976351 0.4738148 0.340788 1.136531 0.6758457 -0.8612496 0.440586 -0.5252859 -0.4896219 0.6949467 0.23726 0.6914321 0.4839527 -0.5652126 0.6669031 -0.1032822 -0.4305111 0.7143088 1.477165 -0.9190338 -1.120707 0.9315507 -1.312476 0.1797756 -0.09376253 0.0427511 -0.102221 -0.3198046 -0.9662896 0.3189176 -0.8280578 -0.09731316 1.420786 -0.1910787 0.04708705 -0.568987 0.6246311 0.1538988 0.5222127 0.9970116 0.01007007 -0.09268295 -0.1882143 -0.2142561 0.1615203 -0.4202723 0.6677452 -1.465557 0.4830491 1.200101 0.1069198
6.075346 0.2959886 0.5075153 0.007125383 0.7387592 0.6561183 0.6997134 -0.1994937 -0.3927906 0.9103569 -0.213565 0.5760377 -1.373747 -0.6688657 0.1546087 -0.007854227 -0.511969 -0.04551999 0.4212676 -1.140618 -0.6170144 1.444504 -0.8268952 -1.11949 -1.182937 -0.4809176 1.80245 0.6657181 0.6891596 0.5092514 -0.7940528 -0.8300223 0.6878524 -0.335769 0.6435718 -0.1813222 -0.6955671 -2.019234 0.2866305 -0.1161072 0.2351593 -1.228324 0.6284738 -0.5330203 0.3437782 -0.6340546 0.5162794 -0.5721181 1.424696 1.893115 -0.4696415
6.6995 -0.7403622 0.4756868 0.4603717 -0.5147492 -1.337882 -0.9195334 -0.2194733 -0.347055 -1.716169 0.02109021 -0.4333072 -1.016195 -1.520226 0.4620808 -1.555751 -1.700287 -0.9817608 -0.4765647 -1.681174 0.2060553 -1.549692 0.5552461 -2.161639 0.5921739 -2.359963 -0.8555027 -0.3895139 -0.6044374 -0.5000313 0.1101996 1.463816 -0.00879111 -0.5607283 -1.810896 0.8002534 -0.1785591 -0.8268644 -1.423031 -1.784626 -1.580353 0.4240152 0.6679604 -0.864756 0.0261945 -0.5677217 -1.167975 -0.6323136 -1.023953 0.171365 -0.6299428
6.602588 0.6537076 1.002421 0.1498729 0.3340233 -0.7746805 0.06702208 -0.2395742 -0.1090868 0.1600541 -0.06138022 0.3611366 -1.080098 -0.5574959 0.07646676 -0.4270516 -0.1609509 0.3778181 0.5594219 -0.9488468 -0.6699597 0.1565933 -0.2139597 -1.175229 0.6342221 -1.332421 0.9465128 0.07743615 -0.2482316 1.65427 1.019658 -0.2249187 0.6454646 -0.1173276 0.7548136 0.1765293 0.1745854 -1.073866 0.5119121 -0.7566426 0.387654 1.203805 0.4530522 1.249786 0.5681933 -0.63764 0.3415156 -0.6183454 -0.1182778 0.6092455 -0.4651802
5.891644 1.425192 1.015908 0.6590816 0.2568011 -1.043235 0.2203626 -0.2982421 -0.551404 1.089055 0.8245245 0.4536885 -0.4177383 -0.9736743 0.5778294 0.2668905 0.09592417 0.1032823 0.9902904 -1.59103 -0.344166 1.623512 -1.367296 -0.7458775 1.646101 -0.0722206 1.267168 -0.1009002 -0.372688 -0.8618544 2.009679 -0.6795607 1.460609 -0.3768482 0.2236334 -0.9058832 1.500171 -1.575701 1.614364 0.4218076 0.09457285 0.6481313 -0.6688378 0.441585 -0.2934821 -0.2369798 0.3361682 -0.4722621 1.152764 2.03773 0.8920719
5.877736 0.3251012 1.065629 0.4660084 0.6675181 -1.134914 0.3774352 -0.1264669 -0.2061231 -0.08123898 0.4023359 0.4764196 -0.02383386 0.4165346 0.5795291 -0.9549711 -0.5505923 0.07441596 0.6886471 -0.5797767 -0.2503851 0.2243133 -0.6306424 0.3298302 1.926786 0.3610253 0.8938705 1.455613 -0.5066783 0.2492283 1.889975 -0.01756486 1.712534 -1.25801 0.4201077 0.06354821 0.7517735 -0.7204224 -0.2403361 -0.9991072 -0.4497197 1.425498 0.7895321 0.1712267 1.042023 -0.7988792 0.5936174 -0.2101299 0.952131 0.4746193 -0.8026787
4.26268 -0.491796 0.4805884 -0.1599118 -0.04318521 -1.132601 0.134129 -0.4998871 -0.2282839 -0.8682537 -0.4543085 -1.327268 -1.31907 -1.954325 1.185034 -1.697581 -2.23816 -1.569408 0.3998828 -1.621247 -0.5701125 0.2655067 0.5420831 -2.320408 -0.08689263 -2.658457 0.3007518 -0.3442333 -0.4801004 -0.6937208 -0.7928565 0.1609184 -0.5766633 0.1802933 0.3914367 1.184735 -0.08479128 -0.1573309 0.5181368 -1.209002 -0.1484384 -1.379607 0.3788485 -0.07897799 -0.3584117 -0.04718049 -0.6628973 -0.8448195 -0.4787168 1.785083 -1.47673
6.415097 -0.9774656 -1.025792 -1.514933 -1.153616 -0.02496296 -0.307568 0.6350863 0.9994917 -1.192878 -2.123124 -1.988067 0.1849148 0.9327085 -1.672945 0.1612716 0.3637232 -1.168075 -1.702079 0.8105521 0.007020294 -0.693901 1.324828 1.162776 -1.018928 1.072777 -0.9382252 -0.8392215 -1.064828 -0.8858847 -1.19183 2.462991 -0.203603 -0.684498 -1.124624 0.1269258 -1.92391 -0.8171745 -1.814582 0.08950267 -1.269374 -0.777344 -1.147161 -0.4067583 -1.701838 0.5732998 -0.6275118 2.381876 -1.522576 -0.982558 0.4267009
