77
6.619521 8.986291 8.246821 8.726218 5.141726 7.765252 4.073392 4.136203 8.859432 12.19025 9.907972 5.36615 7.27378 8.628671 7.519142 6.510828 7.183938 8.947492 5.467017 3.761116 9.797984 4.097848 6.746928 8.978952 8.06954 7.100483 6.795315 4.940329 6.564831 8.213198 4.389746 10.98837 4.919498 6.965053 4.126133 12.94444 4.491933 7.531967 7.662942 7.130995 7.422037 5.633316 5.646393 5.634341 4.596533 8.049844 5.919047 8.347815 7.171539 6.109144
5.667826 9.045687 7.935028 8.542445 4.782824 8.359697 3.945722 4.417204 8.752948 12.05715 9.857338 4.721549 6.977481 8.399711 6.756102 5.865132 7.405959 8.038094 5.825871 3.713875 8.141789 4.324128 6.088189 7.055256 7.387584 6.532314 7.811225 5.484506 6.961479 6.104715 4.223912 9.072432 4.726384 6.898429 3.78405 11.24958 4.570667 6.829091 7.013158 6.191453 7.06673 6.011454 5.761893 5.69194 4.718635 8.497414 6.261107 6.997528 6.429962 5.322689
6.286542 8.826673 6.667099 8.418526 4.525902 7.838392 3.910809 4.193578 8.539241 11.96999 8.751025 4.810266 7.063724 9.589322 6.293209 5.646533 6.845951 7.810597 5.481429 3.896077 8.984986 4.775917 6.320178 10.15314 7.112481 6.619401 5.465972 5.152589 6.410087 9.849766 4.152169 11.11429 4.788628 7.384324 3.929048 11.87806 4.508809 7.593228 6.741675 8.674843 6.590347 5.569347 5.50501 6.114119 4.79583 7.786467 5.734238 7.023141 6.927936 5.010186
7.029613 10.00697 8.498863 8.492598 5.275586 8.105506 3.936487 4.32188 8.881126 13.23709 10.6986 5.390152 7.865266 9.310496 7.493189 6.164773 7.16732 9.226401 5.378178 3.854463 9.22531 4.442051 5.930525 10.96399 7.319899 8.015343 5.784127 5.481009 6.828406 8.813584 4.374261 10.02946 4.880504 7.627601 3.841424 12.41866 4.329103 7.349194 6.609815 6.743048 7.999778 6.188134 5.858964 5.757429 4.683213 8.643613 5.9678 7.420639 6.897003 5.272476
5.336425 4.6018 6.242381 8.446952 7.628512 7.908773 4.504176 4.195434 8.831448 10.27926 10.79202 5.361439 8.8703 7.19508 8.232053 7.988967 6.002349 6.249198 6.085146 3.747166 8.707238 4.577582 7.6324 4.911053 9.023564 6.462255 5.798839 6.517102 8.662875 4.546059 4.519445 4.364901 5.397713 6.596728 3.685187 7.684587 4.586885 6.862333 6.702852 6.943178 7.233962 5.870296 5.359614 5.38032 4.989687 7.970605 6.768034 6.624106 5.505368 6.256936
6.041893 8.20215 7.295958 7.931753 5.652828 9.390395 4.167142 4.195949 9.424269 9.75921 9.071576 4.571473 6.534706 9.762079 7.493386 5.762186 6.894625 8.109824 5.169781 3.948666 9.188163 4.281494 4.9692 8.016672 6.999406 8.108886 8.82484 6.074451 7.743739 4.560506 4.425888 10.54982 5.05921 8.533475 4.115921 10.63409 4.148244 8.154123 6.75004 7.848648 5.360941 6.255455 6.474148 5.044684 4.626374 8.407981 5.276803 7.357672 7.514231 4.817372
6.386469 9.606141 8.497612 8.087191 4.719994 8.777186 3.853447 4.048715 9.294515 12.60391 9.90432 5.069602 7.552899 9.848056 7.63051 6.196988 7.364852 8.718172 5.913358 4.003487 8.854214 4.028237 6.266269 9.408339 8.105052 7.259473 7.162791 5.464178 6.9489 7.392336 4.202734 10.16961 5.149365 7.482222 3.763361 12.9718 4.899698 7.698023 7.646205 7.17311 7.484566 5.852861 5.876335 5.172791 4.743004 8.653314 5.733711 6.938763 7.541035 5.290514
6.663326 7.733589 7.83873 7.578708 5.516049 8.44639 4.236944 4.017539 8.702913 11.13767 9.880233 5.241494 7.774313 11.16363 8.150495 6.598982 7.539889 8.03765 5.586825 3.689516 8.053572 4.209733 6.377797 11.02565 8.020907 6.803216 8.092908 5.816935 7.635405 9.586694 4.363408 9.348833 4.746495 8.135429 4.085895 13.01552 4.734663 7.566081 6.956912 7.197719 7.479454 6.312708 5.917391 5.124956 4.526678 8.709542 5.671696 6.531375 6.563483 5.144024
7.105573 7.024773 7.82958 7.967515 5.623419 8.60704 4.140003 4.480026 8.799349 10.85952 9.555761 4.819674 7.682329 10.39847 7.007542 6.67591 6.840995 8.358165 5.803161 3.710517 8.973195 4.088235 5.97585 7.6258 7.597687 8.62878 7.510695 6.219884 7.585205 6.788706 4.324121 9.750843 4.943871 8.050471 3.960186 11.28652 4.445989 7.271662 6.634321 6.794493 5.859465 6.247974 6.451842 5.422158 4.750455 8.877235 6.396824 7.095626 7.172454 5.60469
6.808176 9.260301 7.703824 7.827882 4.736904 8.352753 3.783049 4.349226 7.854441 12.40276 9.156213 5.147438 8.126518 9.880289 7.662887 7.318716 5.720849 8.960459 5.974568 3.732851 8.453361 4.010381 6.633987 8.872019 7.851906 7.944331 7.466582 5.366996 7.911766 7.397665 4.183426 8.474085 4.851444 7.704082 3.745223 12.00075 4.550534 7.585925 7.058377 5.970996 6.96004 6.956081 6.078338 5.85838 4.530083 8.66796 6.587518 7.218862 6.24825 5.148918
7.452986 9.172394 7.369862 7.555983 5.664394 7.942052 3.803422 4.403395 8.303448 11.03451 9.916201 4.884018 7.879063 9.209321 7.647979 7.12892 7.005539 7.821671 5.675354 3.776139 7.584289 4.393602 5.839415 7.829768 7.760855 7.385692 6.314951 4.975161 7.477241 7.219052 4.467009 8.414136 4.99311 6.883258 3.687785 10.97201 4.615226 7.445327 6.870825 5.966355 7.433843 7.067478 5.519566 6.044458 4.606452 8.404756 5.995247 6.145346 5.604689 5.068224
6.390385 10.12849 8.762989 7.471688 5.07832 8.625881 3.985045 4.090901 8.247379 13.10708 9.486924 5.204471 7.51523 7.766923 6.896188 6.025839 6.832664 8.938403 5.873928 3.920632 8.701253 3.904326 6.58974 10.64286 8.058119 8.072233 6.701295 6.028672 6.88167 8.307249 4.425518 11.28298 4.726902 7.566186 3.794828 12.303 4.303609 7.581167 6.866551 7.009485 7.564246 6.910582 5.822155 5.362936 4.405578 8.953684 5.787774 7.398726 7.458605 5.362243
4.990484 9.704035 6.378184 7.542362 5.543278 8.260242 3.907996 4.199101 8.620754 10.92187 9.68976 5.094375 7.415927 10.22698 7.686594 6.826222 7.980707 6.488635 5.591792 3.828831 7.692244 4.281453 6.835604 6.906677 8.114021 7.28938 5.511794 5.76847 7.063592 6.2063 4.364653 8.325698 5.010241 7.413358 3.758223 10.66812 4.264159 7.023822 7.017261 6.376887 6.533472 6.140402 5.79206 6.248052 4.446236 8.10063 6.106127 6.704758 5.674359 5.417451
6.518842 8.15769 7.41009 8.049597 6.088853 8.963129 4.223921 4.272308 9.059942 11.79307 9.966923 4.921615 7.965192 8.401657 8.007493 6.599808 6.425523 8.736217 5.667059 3.834795 9.813222 4.337927 6.2952 8.894755 8.40651 8.411704 6.049155 6.162251 6.964548 8.664358 4.239689 10.91433 5.096754 7.227462 3.72509 12.53025 4.272512 7.625798 6.54926 6.938695 7.329767 6.035429 5.512762 5.162611 4.736988 8.55035 6.140168 7.319113 7.445475 5.191332
6.964182 9.933532 6.922631 8.538113 4.549251 8.760688 3.934826 4.16675 9.203699 12.70429 9.272075 5.017916 7.799358 8.724478 7.603348 5.930696 7.343281 9.027603 5.477248 3.758937 9.347538 4.245903 6.18348 7.279584 7.625857 8.06294 6.876957 6.261605 7.975671 6.307072 4.377201 8.961397 5.179601 8.042635 3.761566 11.42966 4.326555 8.043821 6.678462 8.094074 5.993762 6.187442 6.377299 5.637059 4.489809 8.960598 5.981354 7.770298 7.007539 4.981298
7.334162 8.893256 7.562068 8.487998 5.888851 8.692966 3.927355 4.117241 9.155473 12.49965 10.15513 5.050158 7.431694 9.807495 7.537947 6.230972 5.60321 8.543394 5.63646 3.783391 8.530746 4.069684 5.993301 5.805389 7.586288 7.252587 6.730527 6.285726 6.102285 6.125919 4.72723 7.948271 5.320286 6.660525 4.098048 12.32639 4.642371 7.738313 7.148483 7.744781 5.926953 5.422316 5.655966 5.410786 4.456688 8.822594 6.810638 7.656715 7.301136 5.620552
7.400555 10.16508 8.463984 8.936262 6.2485 8.152806 3.947529 4.15598 8.717834 11.27315 9.937651 5.097573 7.67246 8.040608 7.570297 7.04673 6.942895 8.389713 6.240736 3.787298 8.904462 4.328002 6.909475 10.70356 7.873986 8.290669 7.014568 5.52227 7.761773 9.735543 4.147943 10.25044 4.762808 7.592463 3.832642 11.59925 4.505209 8.040074 6.841392 8.141483 7.270689 7.00346 5.751912 6.216211 4.674345 8.838602 6.769992 7.500773 7.432033 5.716588
6.797742 9.018243 8.142258 8.078298 5.066662 8.63695 3.805877 3.999292 9.471009 12.48756 10.14965 5.003062 7.426272 8.854256 7.029621 6.783165 7.252556 8.93721 5.527504 3.739457 8.484271 4.111318 5.943365 8.363152 7.701388 7.4405 5.84697 5.514963 7.073727 8.713193 4.578289 9.201663 4.981766 7.331672 3.862237 12.54085 4.242167 7.495246 7.051204 6.678625 7.154255 5.779014 5.569822 5.766473 4.69137 8.750256 5.336238 7.810013 7.429528 5.584788
6.0362 9.679214 7.856038 8.75961 5.361076 7.962827 3.85326 4.010221 8.715405 12.70201 10.49075 5.083544 7.646001 9.759923 6.931956 7.054175 7.283305 9.047635 5.755964 3.989517 8.820852 4.219426 6.052486 10.17265 7.899535 7.877887 6.678965 5.850893 7.225027 8.948173 4.327216 11.05219 4.767436 8.030693 3.728348 12.6623 4.472427 7.207292 7.01389 7.272213 7.897955 6.744797 5.716144 6.030422 4.500941 8.984189 5.808806 9.124244 7.029501 4.972637
6.968375 9.958248 8.48006 8.110165 4.512408 8.399936 3.993312 4.074781 9.189449 11.97344 9.467724 5.027194 7.198047 10.03937 7.101159 6.058149 7.222414 8.947101 5.629851 3.727649 9.695119 4.397864 6.16147 10.16958 7.737945 8.317236 7.186058 5.868558 7.431336 9.170341 4.156931 11.90337 4.856351 8.161214 3.624067 13.26094 4.217099 7.848244 7.091048 7.722842 7.905853 5.704924 5.7954 5.693046 4.552789 8.503756 5.431044 7.951992 7.615935 5.444699
5.931428 9.030336 5.676575 8.195622 5.143367 8.098834 3.837254 4.58756 8.879683 11.032 9.271642 5.055449 8.165814 6.394405 8.011084 7.018537 6.954072 7.612681 5.465702 3.819883 9.174394 4.101805 6.708075 6.387268 8.700817 6.809884 7.081171 5.98731 7.664755 4.679738 4.281106 6.790441 4.834068 7.497924 3.631427 9.439384 4.224812 7.214253 6.707237 6.863685 5.83728 6.362971 5.984736 5.24479 4.732512 8.58738 6.289814 8.166105 6.306614 6.176026
8.061097 10.14497 8.309226 8.35545 5.076301 8.262513 3.819839 4.148425 9.428137 12.47787 10.80709 5.080644 6.988316 9.133671 6.949127 6.990321 7.115402 9.173207 5.606894 3.827539 9.114283 4.116204 6.2394 11.12781 7.963429 7.597682 6.696565 5.3564 6.986248 9.335719 4.3099 10.39534 4.946939 7.282531 3.810707 12.51693 4.082466 7.817843 6.845976 7.369358 6.908526 6.159082 5.950554 5.81804 4.902358 8.783511 5.005003 8.22266 8.101938 5.659946
8.787564 8.85455 7.30025 8.572033 6.407119 8.869478 3.862768 5.608312 9.226406 11.79775 9.683077 4.700514 7.545688 9.599568 7.404688 6.621535 6.600484 8.632914 5.438013 3.940054 9.591391 4.267968 5.670929 8.36761 7.481924 8.838876 7.839703 7.312756 7.783753 6.835707 4.490073 9.067934 4.728896 8.379049 3.910626 11.38107 4.377387 7.899712 6.887125 7.620111 5.269055 6.321208 5.795346 5.384954 4.52677 9.123506 6.123518 8.133935 7.805028 5.539756
7.290869 9.881707 8.807835 8.496513 5.020398 7.791358 3.87215 4.127905 9.189076 12.96034 10.41198 5.055453 7.521467 8.174622 7.053239 7.021936 7.149187 9.209989 5.517707 3.693838 8.540061 4.163981 6.172077 10.79301 7.817153 8.179247 6.896996 5.233913 7.904257 10.03578 4.171429 10.8354 4.64219 7.821433 3.860043 12.35291 4.883502 7.338431 6.644843 7.319615 9.199162 6.554159 5.695094 6.314523 4.651021 8.994331 5.828168 7.574208 7.053144 4.99996
7.404183 8.927017 7.910671 8.233437 5.82558 8.137923 3.862672 4.157726 8.624415 11.5724 9.233815 4.744575 7.745179 9.049035 7.375456 6.112955 7.271897 9.418036 5.840051 3.758045 7.694854 4.396276 6.211215 7.70265 7.512071 8.060424 7.94383 6.419939 7.708124 5.658959 4.25401 6.787754 5.1313 7.800864 4.470345 11.67028 4.435863 7.729847 6.792789 7.587879 5.212699 6.543461 6.109962 5.730089 4.651599 9.152696 6.147689 7.145068 6.381481 5.734836
8.161915 8.582952 7.374142 8.671168 5.567834 8.815675 3.919238 4.084758 8.801539 12.56443 9.872967 5.270918 7.97412 7.092539 7.718918 7.024858 7.048964 8.462951 5.937361 3.828229 9.240222 4.342051 6.795139 8.064888 8.229645 7.716065 5.996984 5.704036 7.274382 8.517399 4.237297 8.65126 4.819077 7.859158 3.761531 11.14312 4.417802 7.586014 7.259733 6.721086 7.135089 6.28529 5.860539 5.962483 4.504616 8.764472 6.936026 7.022157 6.587119 5.888537
5.630045 8.73752 6.80867 7.404322 4.712623 8.650688 3.858585 4.381318 9.070328 11.91763 8.993802 4.501881 6.722622 8.574427 6.904614 5.802248 5.654624 9.057422 5.17165 3.778432 8.579328 4.589372 5.205005 6.941037 6.939637 6.841587 6.034849 5.838766 6.456877 7.63082 4.188153 10.86812 5.034786 8.04062 3.931501 11.05769 4.223618 7.248738 6.525882 7.628944 5.314634 5.84382 6.027619 5.365932 4.936078 8.215682 5.283454 6.455558 7.45483 4.874128
5.008985 5.774543 4.884266 6.398677 5.661794 6.308538 4.504758 4.436817 7.787001 9.619639 8.26808 4.656102 7.403676 5.321582 7.171831 6.894979 5.370628 7.298356 5.654745 3.894119 8.712211 5.02732 5.781261 4.84985 7.508528 7.425976 5.320006 4.687254 6.557813 4.971292 4.306389 7.741084 5.02488 7.279564 4.245713 7.316145 4.381986 6.748467 6.783591 5.366604 4.743676 5.406195 5.450346 4.830252 5.355336 7.362627 5.148489 5.933323 6.65927 5.400017
5.832247 8.063503 7.154495 8.203681 5.274674 9.012261 3.90467 4.002005 8.925344 10.21727 9.125791 4.794309 7.609048 10.1672 7.381471 6.383049 6.978402 7.758892 5.516753 3.687615 9.572161 4.236567 6.251762 5.872042 7.280703 8.307387 7.70211 6.055333 7.35607 4.878076 4.22105 8.770977 5.123851 7.281463 4.047795 10.67142 4.216042 7.572092 7.097746 7.974582 4.686491 6.295848 5.959956 5.83545 4.683104 8.631716 5.694507 7.128126 7.394731 5.371344
5.513823 6.978408 5.662988 6.996967 5.313006 7.888023 3.773532 4.054382 8.29062 10.50141 9.109967 4.623891 7.403202 10.63333 6.799116 5.938849 5.912157 6.456392 5.266665 3.966221 7.386063 4.243389 5.145216 5.588904 6.978738 6.951342 5.456106 5.061833 6.394596 7.749277 4.182814 6.71527 4.810907 6.67345 4.079801 9.880262 4.536052 6.840295 6.42155 4.989392 5.365818 5.386817 4.940561 5.37324 4.556291 7.394309 5.532665 5.628857 5.955687 5.060344
5.433974 5.668922 5.397519 7.852456 5.778684 8.860554 4.138949 4.373214 8.764709 10.74262 9.842453 4.929374 7.540281 7.91491 7.257772 6.089648 5.775155 6.675787 5.002593 3.978555 9.198226 4.461129 5.679428 3.924623 8.081077 6.282936 5.732433 6.192629 6.900438 4.823234 4.25138 6.931306 5.069198 5.973819 3.899103 9.365045 4.673531 7.049307 6.116478 5.906243 6.368242 5.643742 5.244022 5.120214 5.067395 6.893606 5.828762 5.704229 6.257389 4.778958
7.581355 6.303015 7.577523 7.495413 5.077452 8.560362 3.898082 3.925234 8.50492 10.85134 9.428375 4.963865 7.40354 10.10622 7.797522 7.052687 7.602465 7.271082 5.077324 3.756649 7.17834 4.15262 5.840201 7.483026 7.677285 7.6645 6.069227 5.684027 7.634585 7.293731 4.212363 8.860197 4.822219 7.279858 4.047143 11.32741 4.603381 7.623775 6.726841 5.913745 5.426749 6.838484 5.884022 6.471003 4.61773 8.387795 5.077752 6.254741 6.507136 5.744716
8.329857 8.385122 9.276115 8.012129 5.397757 7.646435 3.882419 4.225863 8.746775 12.26842 9.843566 5.731476 8.102154 9.341741 8.235978 6.849095 7.459849 8.871781 6.956365 3.679971 9.378658 4.251401 7.191599 10.27567 8.969265 7.573992 6.379037 6.109087 6.869264 7.07782 4.082883 9.902016 4.780642 8.121662 3.822653 12.29824 4.657193 7.376748 7.353245 7.463893 8.74116 6.016697 5.891953 5.807212 4.69803 9.101215 4.985102 7.622187 7.89867 5.771741
6.430684 9.255144 7.832114 8.317097 5.820653 8.46262 3.956073 4.217674 8.588274 12.49236 9.526842 4.987456 7.754628 9.792779 7.207944 6.251829 6.288489 8.789195 5.83029 3.961627 7.882871 4.461836 6.50875 9.15553 8.029343 8.178001 6.51948 5.613581 7.421262 6.1632 4.260673 8.731473 5.026475 7.975158 3.844112 11.70695 4.727334 7.478489 6.762941 7.653672 7.167695 7.041682 6.110071 5.40594 4.325266 8.510991 6.831026 7.149666 6.221721 5.376473
6.856205 9.822064 6.86833 8.109421 4.817176 8.344847 4.157395 4.249663 8.691631 12.19137 10.04931 5.228425 7.650469 9.21846 7.168174 6.319706 6.533814 8.804007 5.672048 3.768397 9.348572 4.404083 6.706317 9.261663 8.188065 7.421671 6.572092 4.836582 6.8788 9.242971 4.457133 12.54141 4.962474 8.1467 3.927848 12.49814 4.85562 7.321986 6.865059 6.826663 8.073702 6.510066 5.20337 5.513579 4.547971 7.822437 6.076074 8.273937 6.382968 5.652756
6.815326 8.113572 6.893623 8.069048 5.203365 9.274845 3.911636 3.999697 8.039682 11.41 9.154571 4.821652 7.414228 10.7431 7.973366 6.587061 5.74767 7.447383 5.636261 3.836882 8.367842 4.12515 6.197759 7.541037 7.894222 8.080971 8.607114 6.089602 8.444655 8.490053 4.223061 7.617221 4.991522 8.364081 3.689551 11.65702 4.338752 8.126425 6.679498 7.873939 7.153384 5.812229 6.811679 5.575206 4.614928 8.964276 5.832466 6.073063 6.628423 5.574934
6.87584 10.19297 8.170024 8.153845 4.86695 8.211408 4.00802 4.102383 8.854547 12.47945 9.678804 5.532507 8.622567 8.620352 7.230404 6.334752 7.675859 8.980225 5.83765 3.72351 8.64126 4.282089 6.725005 11.49591 7.965544 8.137997 7.924812 5.904978 7.537099 10.80084 4.526073 12.73536 4.850963 7.919109 3.805693 12.39334 4.37083 7.711475 6.916378 7.364033 8.41494 6.988288 5.717549 5.984966 4.531304 8.600959 6.34014 7.803291 7.123577 5.061923
7.129842 5.990531 7.303127 6.78711 6.338118 7.270188 3.899755 3.993206 7.740816 11.39164 9.447952 5.711701 8.529631 11.18112 8.676709 7.218369 6.936872 5.711048 6.732923 3.793516 7.566015 4.439076 7.469153 8.3145 8.632381 6.918933 6.16359 5.293248 7.664901 6.22138 4.131847 8.781087 4.715999 7.080813 4.070457 12.21329 4.405805 7.270798 8.045872 6.463199 7.30986 5.695406 6.215203 6.026488 4.361371 8.54917 7.341297 7.369313 5.034531 5.638186
5.125397 8.635109 6.135309 6.800959 5.41104 7.976783 4.094592 4.161128 8.889435 11.12547 9.421341 4.945799 7.934583 9.590554 7.775363 6.814217 6.411313 7.095247 5.796506 3.831652 7.163223 4.201758 6.364805 6.679713 8.311993 7.791462 7.252 5.984034 7.429365 8.133993 4.35147 7.88245 5.01875 6.967706 3.786648 10.20053 4.460303 7.726318 6.979281 5.904742 7.567285 5.13595 5.689199 5.694492 4.747399 8.471008 5.993769 5.783887 6.019521 5.686035
6.936407 9.352616 8.878751 7.789397 5.189801 8.695853 3.728318 4.12758 9.407037 12.18519 10.56359 5.083968 7.139223 10.24214 6.895081 5.802922 7.757269 9.063377 5.71211 3.957796 8.853946 4.218699 6.044243 8.40402 7.71127 8.321224 8.184984 5.600829 6.879723 8.856749 3.955987 11.37657 5.17581 7.850846 3.684942 12.91231 4.441823 7.564649 6.840283 6.383777 8.320868 6.241769 5.963985 5.727907 4.524691 9.049271 5.923466 8.759123 7.158863 5.254802
7.283786 9.46209 7.866619 8.22381 5.337424 8.004458 3.745157 4.160183 9.005765 12.68945 9.754403 5.154271 7.691922 7.345608 6.521858 6.214387 7.292452 8.499929 5.638549 3.707582 8.92757 4.302008 6.17133 11.09292 8.154817 7.572684 6.857518 5.234729 6.956691 10.80382 4.147478 11.76686 4.946429 7.367561 3.668852 12.27726 4.584756 7.520132 6.976858 7.006699 7.848285 5.914931 5.613108 5.570606 4.720673 8.026712 6.8957 6.958413 6.632955 5.055146
6.355551 9.207528 7.775588 8.285963 4.841432 8.720426 4.165787 4.148287 8.894509 11.3328 9.295317 4.913118 7.750289 9.022349 6.716904 6.104038 7.361494 8.645746 5.709779 3.786984 9.152356 4.355393 6.160133 10.10796 7.90403 8.039171 8.113491 5.669333 7.486728 8.946482 4.15068 11.67525 4.876922 8.020296 3.481671 11.52609 4.331881 7.550467 6.87091 6.941342 8.563433 6.147343 5.98272 5.784025 4.549569 8.271917 6.233941 8.659906 6.388372 5.109699
5.808253 7.268194 7.132289 7.644691 4.842273 8.730961 4.51552 3.931198 8.422046 10.80229 9.43748 4.921626 7.797029 10.63968 6.963083 5.834151 7.650016 6.746759 5.430333 4.067678 7.363553 4.416883 6.022115 7.653158 7.505248 7.111655 6.583489 6.0521 6.531644 6.13713 4.314065 8.025311 4.713646 6.688294 4.064884 10.12183 4.6403 6.890286 6.287017 5.646437 7.042652 5.895541 5.591993 6.123866 4.548203 8.189439 5.793283 6.326858 5.541616 4.90366
7.252996 7.232008 6.170048 8.084388 6.049185 9.165911 4.135383 4.415536 7.368731 10.28341 8.627846 5.235585 8.554369 10.26098 7.70619 6.129593 6.688972 7.057743 6.644832 4.25101 8.514936 4.311384 6.721982 7.515081 9.089139 7.021941 9.256253 5.937685 5.654262 5.430917 4.616821 4.571907 4.862939 6.758474 4.454962 11.02639 4.824337 7.260867 7.483227 7.461963 5.476143 5.856068 5.651734 5.831598 5.453161 7.679692 6.113799 6.325941 5.422841 5.69849
7.887304 8.936949 8.239714 9.339187 5.524515 8.666195 3.841391 4.186444 9.165053 12.20823 10.24389 5.006119 7.946445 8.595204 7.616922 6.896145 6.73108 8.69325 6.342563 3.842709 9.297737 4.348824 6.7071 7.706751 8.388909 7.503514 8.15295 5.5079 6.559448 7.573392 4.10562 10.34062 4.880642 7.998934 3.623384 11.68971 4.987158 7.445995 7.094035 8.481262 8.089702 6.402686 5.491581 5.613549 4.414015 8.212554 6.463982 7.011612 6.944303 5.281268
4.204163 3.627354 5.110696 6.039923 7.26355 4.233682 4.879827 9.47887 5.706998 7.14459 6.989859 5.635636 9.011722 5.827371 8.864211 8.019633 5.023259 4.87031 7.160541 4.302415 5.52868 4.876837 6.935525 4.290621 9.222353 6.866423 4.637174 4.05019 5.708517 4.310445 4.68955 4.847439 5.032027 5.879022 4.550546 9.359206 4.882305 5.718155 7.403506 4.774359 6.488701 4.441707 5.743978 4.63592 4.867056 7.844479 9.490112 4.223877 5.160429 6.098605
7.637281 9.23567 8.811786 8.225516 4.973062 8.631383 3.811875 3.957319 8.846805 12.17295 10.23982 5.218958 7.711887 8.547358 6.656916 6.359742 7.251338 8.202805 5.758353 3.829321 8.29137 4.135694 6.38778 9.801897 8.078062 7.980644 6.257165 6.088385 7.062846 7.638113 4.150045 10.7523 4.687089 7.742072 3.628201 12.44574 4.500998 7.250843 6.851933 7.038978 8.720176 6.650595 6.285019 6.049928 4.559534 8.914577 7.188757 8.116094 7.203763 5.674363
5.41816 8.501071 7.761319 7.675102 5.540228 8.754687 3.761397 4.084857 8.751799 11.91 9.949703 4.954813 8.062496 8.486406 7.229705 6.172576 7.157501 8.655003 5.970578 3.808746 8.510757 4.335041 6.286684 8.996167 8.134143 7.109782 7.217413 5.090984 7.322592 6.333847 4.251844 9.738615 4.791363 7.83069 3.686276 10.80303 4.712456 7.512141 6.827936 5.529114 7.259392 6.217037 5.312746 6.046482 4.483419 8.305547 6.97313 6.480583 5.849535 5.33824
5.30864 8.011551 6.473029 7.87986 5.331522 9.087357 3.675564 3.931819 8.970625 8.701616 9.824337 5.040307 7.953833 9.875018 7.292015 6.418903 7.421277 6.438578 5.634258 3.872278 7.346832 4.433253 6.299162 7.569033 7.850392 7.239199 6.64829 5.587377 6.907311 7.446801 4.201968 9.087272 5.275397 7.385602 4.063301 10.65054 4.306991 7.466177 6.886114 5.180943 7.161298 5.999736 5.545862 5.985804 4.467653 8.408813 6.610428 6.566251 5.713962 5.209574
6.052603 8.510391 7.450378 7.709525 5.886454 8.608025 3.856247 4.026563 8.399836 10.29277 9.413091 4.88446 7.758582 9.171713 7.292125 6.521579 7.500482 7.224529 5.870261 3.785622 8.29466 4.512034 6.453135 7.621718 7.960382 7.377041 8.083319 5.951016 7.949449 5.761079 4.08604 10.42336 4.99421 7.239834 3.890288 11.07199 5.039535 7.342293 7.094054 7.684844 5.858072 4.955993 5.595227 5.860393 4.528492 8.600474 5.931234 6.609945 6.580254 4.995348
4.693158 7.219258 4.905972 6.217216 6.774696 7.065324 3.949997 4.173135 6.28714 7.387972 6.32701 5.53684 8.227892 4.900591 7.984119 7.316795 5.011773 6.780422 6.146526 3.77183 6.284442 4.271007 7.577268 5.38737 9.084629 6.50883 6.142956 4.60054 5.935708 4.685333 4.149532 8.981878 5.579291 6.471821 3.771573 9.008491 4.649898 6.426442 7.294378 4.967699 5.659292 4.634469 5.187085 4.743086 4.870117 7.436929 6.700081 4.035942 6.517517 5.456046
6.843967 10.50695 7.616276 8.701 4.952989 8.030965 4.144425 4.475659 8.920695 12.52915 10.46819 5.182201 7.916024 8.081432 6.3054 6.531447 6.878778 8.654642 5.860505 3.858163 9.051862 4.378319 6.424686 10.09967 8.199996 7.885703 7.216164 5.544278 7.220454 7.000157 4.094287 11.29492 4.566199 7.59808 4.045883 11.78691 4.527674 6.772365 6.629425 6.671623 7.129742 6.319108 5.348277 5.93097 4.527454 8.827474 6.661124 8.397316 5.875891 5.285228
6.568348 8.466344 8.07219 8.549043 5.496662 8.758221 3.83373 4.344395 8.588304 11.48481 9.442875 5.065853 7.734929 10.42863 7.121943 6.067004 7.154701 8.499601 5.84939 4.05607 7.733183 4.523265 5.880445 7.195501 7.99849 7.777573 10.23267 8.367776 6.430607 7.273124 4.155755 6.963245 4.92189 7.09977 3.733904 10.86919 4.933001 7.20624 7.116711 7.726881 7.734311 6.526475 5.829204 6.0471 4.496469 8.497158 6.243524 6.498981 6.335316 5.774628
6.975027 9.776269 8.047646 7.447645 4.729155 9.200003 3.791929 3.999632 9.107305 12.8592 9.490725 4.738911 7.273348 9.199621 6.756122 5.833055 7.67227 9.094208 5.615104 3.880966 7.650019 4.598203 5.85427 10.18395 7.490479 6.925119 6.944741 6.332619 6.836537 9.433512 4.235921 9.16958 4.885323 7.481106 3.974998 11.8082 4.312379 7.168796 6.521943 8.030784 8.473501 6.100088 5.546407 5.370338 4.688273 8.389043 5.848532 6.741217 7.76928 5.062027
6.59697 8.20485 7.908673 8.342957 6.931291 8.230765 4.191409 4.0686 8.860787 11.62915 8.986547 4.787486 7.399823 9.016072 6.236488 5.816083 6.358117 7.285163 5.846268 3.931146 8.861957 4.467782 6.136408 7.059611 7.294724 7.660255 6.490493 5.170033 6.93192 4.40796 4.207755 8.641157 4.816045 7.791991 3.986325 10.88113 4.648657 6.978889 6.58587 6.078663 4.931871 6.209092 5.760255 5.739459 4.585503 8.215634 5.909513 5.451011 6.278319 5.580779
6.017768 9.144407 7.867597 8.072501 5.80351 8.594661 3.855468 4.033941 8.568182 12.22308 9.304593 5.131899 8.00877 10.43675 7.008798 6.242907 6.771939 8.404779 6.051188 3.806964 8.003757 4.380951 6.45056 8.761058 7.975206 6.561335 6.74454 5.453793 7.435368 7.52037 4.26242 9.716562 4.656296 7.950492 3.573 11.39537 4.570754 7.50748 7.028262 6.658431 6.176024 6.519753 5.551901 5.808564 4.305365 8.558907 7.486572 6.397556 6.129186 5.60158
6.559058 6.585512 7.317152 6.878529 4.744129 7.140501 3.993677 4.213253 7.115699 10.35321 6.793155 4.553214 7.04501 9.442154 6.218776 5.416667 6.984911 7.817052 5.48154 3.580963 6.516418 5.071123 5.599043 7.432155 6.101138 6.101249 5.981383 5.474199 6.189056 5.364653 4.280291 4.632927 4.322809 7.083965 3.913189 10.82237 4.903758 5.524804 5.809863 7.339582 5.768425 5.595543 5.216215 5.298239 4.606162 7.619049 6.078587 6.102256 6.520386 5.33604
5.470047 8.474749 7.633495 7.875333 5.78671 8.523275 3.847386 4.269479 8.539856 10.86375 9.419563 4.90056 7.721796 9.818569 7.438024 6.694794 6.943901 8.67418 6.085069 4.018266 7.716687 4.340153 6.216618 6.499024 8.127224 6.416044 6.572169 5.289791 7.12875 7.596792 4.257643 8.616329 5.028998 7.624553 4.11142 11.27746 4.424748 6.975942 6.94057 6.327615 7.35144 6.400907 5.418781 5.75519 4.449401 7.963731 7.537857 5.573057 6.102092 6.458538
6.49465 9.141983 7.86997 8.118059 4.890242 8.468584 3.968228 4.228499 8.760463 12.03501 8.076688 5.052733 7.466916 10.37228 6.575748 6.0853 7.756449 7.328015 6.187333 3.832465 7.810112 4.360426 5.863175 9.820213 7.49843 7.435753 7.082621 4.957166 7.719191 6.908012 4.67184 9.335281 5.010005 7.820078 4.320532 11.42273 4.540253 7.087742 6.659574 6.928324 6.632242 6.699097 5.344908 6.088735 4.581788 8.475021 6.360542 7.155331 6.205092 6.303321
6.305165 8.219612 7.200756 8.140735 5.018804 8.466732 3.85145 3.957817 9.232381 9.622372 9.252238 4.775578 7.438954 10.96324 6.380188 5.968959 7.255142 7.766461 5.596824 3.91368 9.221922 4.189892 6.137859 4.658655 7.503208 8.539055 9.681952 6.333186 8.638354 4.379361 4.342228 9.232268 4.886121 8.610227 3.681237 10.54385 4.444374 7.472354 6.876375 7.850889 4.838765 5.279893 5.885739 5.628913 4.679533 8.608164 6.055643 8.042479 6.940151 5.51084
5.028071 8.196881 7.92264 8.160108 5.395688 9.149629 3.84781 4.029606 9.119101 10.00255 10.25137 5.286033 8.028621 10.38109 7.329707 6.568691 6.345156 8.357086 6.074395 3.912509 8.561315 4.247608 7.02976 5.735351 8.463656 7.377977 7.166291 5.360592 7.133075 7.225434 4.40054 8.546219 4.871069 7.568545 3.624298 10.87596 4.963425 7.568178 7.421822 7.18931 6.722894 5.755771 5.716353 6.280161 4.617244 8.593027 7.156444 6.573289 6.092188 5.86782
8.368343 9.208266 8.346843 8.001467 6.196521 8.415123 3.912119 4.891441 9.034426 11.35905 7.831361 4.9089 7.466943 10.61535 6.617565 5.773963 7.684035 8.919597 5.303281 3.717735 9.184102 4.453923 6.07214 9.243981 7.709532 7.064836 6.207355 6.443985 6.055353 5.709117 3.981687 8.991431 4.986527 7.568218 3.827265 11.93709 4.552544 8.087192 6.748245 7.023456 5.87961 5.93616 5.641532 5.409066 4.459631 7.811471 5.720444 7.490386 6.648942 5.382122
6.337972 8.094839 8.412482 8.147455 5.351503 8.161493 3.897667 4.240829 9.299315 12.53054 11.05825 5.157404 7.202223 9.207597 6.641549 5.139477 7.071655 9.408719 6.038834 3.862137 9.055842 4.44166 6.366506 6.413179 8.061303 8.333737 9.085613 5.920867 6.573766 6.915594 3.906011 10.40538 4.606191 7.777414 3.814425 13.66476 4.594344 7.115117 6.347755 7.043401 7.836461 5.029305 6.064811 5.175514 4.470775 8.51988 5.660767 8.903478 8.662986 4.91679
7.003604 9.631257 8.107754 8.856574 5.145287 8.729268 3.651 3.917776 9.055061 12.2566 10.11657 5.353205 7.636771 9.648021 7.265628 6.335485 7.096376 8.845612 6.123385 3.816429 8.47971 4.232769 7.106524 5.660405 8.217083 7.434843 7.617582 6.205583 6.30348 5.86061 4.696733 12.1577 4.87955 7.888882 3.803716 12.07109 4.211085 7.627797 7.411355 6.885542 6.461507 6.191731 5.546991 5.339686 4.752142 8.414562 6.984561 8.334324 6.546507 6.226058
8.437288 10.92304 8.447529 8.307115 6.754577 8.418745 3.809436 4.127399 8.581228 12.67069 10.22006 5.306075 8.030631 7.687741 7.106865 6.798688 7.46287 9.06998 6.428855 4.027055 8.918284 4.049041 6.746035 10.06016 8.070791 8.028089 6.052956 6.791402 6.926296 7.718065 4.38823 10.20008 4.987574 7.693333 3.794084 12.88986 4.599983 7.372315 6.95655 7.481658 7.644435 7.164963 6.049893 5.930873 4.391316 8.988047 6.827579 7.738402 7.281501 6.00989
6.078559 8.803929 8.886373 8.13777 4.4659 8.661243 3.881508 4.147764 9.118189 11.8173 9.738096 5.309 7.353155 10.66717 7.002856 6.481293 7.288859 9.320472 5.853745 3.913552 8.426919 4.156178 6.609882 9.601723 8.20204 7.227739 7.379831 5.825341 7.152582 4.857349 4.271678 11.06846 4.856263 8.168 3.6123 13.16121 4.711341 7.33689 7.11242 7.769381 7.044805 6.080358 5.933702 5.641255 4.467585 8.642422 7.004159 7.98965 7.826543 5.706257
5.890172 8.631868 7.819561 8.149681 4.810127 8.03307 3.732149 4.781248 8.977599 13.25052 9.453049 4.884226 7.773837 10.74332 7.330067 6.378554 6.432009 8.343219 6.259222 3.934587 8.74952 4.143328 6.564273 10.27244 8.395323 8.44663 7.894393 5.847305 7.633529 8.509973 4.286083 8.415147 4.788019 8.099128 3.565407 11.9448 4.911252 7.570665 6.582972 7.39505 7.725938 6.58161 6.253527 5.20566 4.417444 8.776229 6.348637 5.186411 6.844036 5.429293
4.983267 4.048474 5.415534 7.072463 6.533922 8.875025 4.29181 5.116919 8.704548 9.674979 6.975757 5.91099 8.949882 4.052371 9.085217 7.44346 4.465181 6.285079 7.266116 4.603653 6.220522 4.460447 8.037024 6.232202 9.519904 6.671936 7.108435 5.431728 5.724556 4.578764 5.019821 7.677518 5.420134 7.53905 4.095259 10.29896 5.088332 7.21152 7.61355 4.774455 6.79914 4.347017 5.253583 4.339447 4.89551 7.668444 7.218761 5.37195 6.104914 6.053264
6.807694 10.04668 8.56588 8.87902 6.100595 8.197614 3.757133 4.272546 8.268658 12.5782 9.912214 5.663096 8.638021 8.52964 7.216159 6.316357 6.950445 8.625292 5.925128 4.040876 9.413338 4.00889 7.096302 8.19465 8.011153 8.367667 7.219548 6.671392 7.689992 8.115677 4.179735 9.745777 4.98897 8.143283 4.135531 11.94769 4.595535 7.294119 6.699891 7.172383 7.838191 6.791239 5.705749 5.967133 4.535655 8.986671 7.489705 7.778187 6.239868 5.394379
4.382433 8.777938 7.385623 8.293769 4.848574 8.867967 4.034247 4.30278 9.112805 10.7949 9.358704 4.782879 7.354405 9.757405 7.127786 5.967214 7.109157 8.906179 6.483444 3.705941 8.744409 4.231393 6.16601 5.824686 7.480497 7.072031 7.541071 7.121156 8.24785 7.460196 4.423502 7.811998 5.229869 8.5121 3.812483 11.1914 4.52015 7.190601 6.824423 6.852347 6.638116 6.966665 6.500549 5.27659 4.582766 8.50153 6.196526 7.285534 7.253272 5.170623
6.959611 7.841243 6.746685 6.74779 6.613571 7.97804 4.580868 4.114848 7.454949 9.208212 8.540653 6.161312 8.249403 9.444028 8.705901 7.043238 7.380969 5.954367 6.028442 4.144745 8.490217 4.528276 7.650457 4.535254 8.918838 6.849333 7.297356 4.719148 6.862085 4.311624 4.563218 5.324535 4.923325 6.695816 3.954868 10.66944 5.431574 6.883075 8.033782 7.353794 5.061896 6.29312 5.870293 6.118841 5.559344 7.759411 6.18695 4.918092 4.96241 6.130649
7.383305 7.834713 8.17265 8.687539 4.7976 8.358667 3.929075 4.041069 8.380217 11.66324 9.359371 4.94104 7.377545 8.190364 7.207113 6.256546 7.581917 8.709005 5.880077 3.972952 8.68239 4.033544 6.470197 7.671227 7.659713 7.776213 7.643955 5.83716 7.497579 4.743204 4.463628 10.56866 4.953839 7.647898 3.647948 11.60276 4.557255 7.100778 6.794372 7.034384 5.83681 7.423083 5.769844 5.832049 4.824453 8.944854 6.737505 7.769272 7.564144 5.493776
6.362379 9.740424 8.229428 8.431458 5.740478 9.252145 3.909613 4.200085 8.869544 12.36545 9.607261 5.310869 8.350881 8.87791 7.526879 5.931406 7.42643 8.577964 5.958269 3.964881 8.990062 4.249107 7.265282 7.369529 7.68323 8.35827 7.174186 6.022222 7.578429 5.665816 4.368636 8.390804 5.067557 8.246246 3.741805 11.48354 4.407711 7.801479 6.815529 6.151622 5.747958 6.067124 5.977038 5.043251 4.610956 9.016576 7.625148 6.707503 6.736142 5.474338
7.063856 6.972832 6.719849 7.201438 5.035017 8.247476 4.086222 4.042811 7.789159 10.97814 9.138927 4.669913 7.048251 10.53704 6.884739 5.928804 6.971083 7.191414 5.54123 3.547716 8.297751 4.360302 5.672065 6.08217 7.050713 7.613346 5.583619 4.968646 6.79849 4.550907 4.162525 8.299591 4.732712 7.786911 3.92797 10.87473 4.720259 7.289373 6.499667 7.004221 5.696025 6.011481 5.781291 5.609865 4.588748 7.974116 5.861501 5.349253 6.61645 5.211811
6.217583 7.516896 6.334163 7.298076 5.607109 8.239463 3.899658 4.037135 8.311318 9.738151 9.389586 4.807303 7.785688 10.95271 6.946053 6.382164 7.239261 6.559003 5.535156 3.756102 6.753786 4.388692 5.683972 6.31076 7.890238 7.306503 6.04745 5.246078 6.56854 6.718723 4.367368 5.877529 4.621514 6.82177 3.70558 9.510634 4.30434 7.103054 6.385983 5.178637 7.04694 6.064707 5.508658 5.925737 4.720365 8.489724 6.37223 6.16843 5.001328 5.16788
6.66036 8.525368 7.077645 7.911037 5.439713 8.198688 3.882132 4.506541 8.722674 12.09922 10.7042 5.183224 7.519281 9.826202 6.329737 6.556549 6.850446 8.295138 6.502971 3.903903 8.07234 4.202049 6.391087 7.663525 8.025655 7.074107 7.311593 5.498464 6.527335 5.862763 4.257602 6.142487 4.695661 7.260827 3.803231 12.37422 4.252088 6.982037 6.862602 7.708748 6.46034 5.52098 5.57811 5.972693 4.52341 8.396643 5.522588 7.506662 6.417514 5.337877
6.35222 9.75526 8.788525 7.532156 5.000879 8.212698 3.646177 3.998153 8.305554 12.81173 9.740448 4.931779 7.442841 8.596705 6.548777 5.838303 6.522863 8.277788 5.504132 4.140621 8.059831 4.237098 5.910327 8.013792 7.764301 6.541859 5.931339 5.691819 5.645288 8.733125 4.464527 9.015948 4.698625 6.988214 3.802531 12.04776 4.750734 6.827363 6.90652 7.207434 8.617056 5.926717 5.26806 5.775969 4.549326 8.200285 5.912144 5.909223 6.572231 5.096193
