0.235335 0.70401 0.0351252 0.0148915 0.00689565 0.00191096
0.797752 0.166659 0.024522 0.00748057
0.732848 0.120593 0.10447 0.0171351 0.0213918 0.00313578
0.916566 0.0709607 0.0075602 0.0041282 0.00078433
0.872552 0.105729 0.0191247
0.822117 0.109544 0.0680308
0.914335 0.0372643 0.0359586 0.00594799 0.000554422 0.00360303
0.965624 0.0250552 0.00752926
0.873015 0.103136 0.0146811 0.00916587
0.88845 0.0971319 0.0137031
0.83474 0.132258 0.0316495
0.910761 0.0851312
0.942056 0.0579417
0.794107 0.197604 0.00207482 0.00408096 0.00192427
0.901384 0.0948391 0.00370472
0.900583 0.0971614 0.00202331
0.952683 0.0445458
0.950662 0.04889
0.873649 0.126003
0.877901 0.116854
0.905628 0.0933753
0.898414 0.10151
0.905173 0.0939992
0.946099 0.0518587
0.914794 0.0779991 0.000442075 0.000793771 0.00364482 0.00033016 0.00049259 0.0013367
0.859367 0.13295 0.000558475 0.00184793 0.00420253
0.916849 0.0705936 0.00714066 0.00420487
0.948279 0.0481629
0.917323 0.0822575 5.89506e-05 0.000124003
0.883462 0.116389
0.895155 0.102733
0.960407 0.0392736
0.922878 0.0770986
0.921424 0.0556851 0.00713988 0.00454448 0.00551606 0.0034635 0.00112631
0.955496 0.0443416
0.917191 0.0816955
0.958013 0.0419066
0.9567 0.0432918
0.890886 0.109044
0.962027 0.0350191 0.00293022
